8778,Eve,1370,3,0,64
8778,Real,40480,6.76923,86,0.00001,301,64,0
8779,Eve,77520,17,0,64
8779,[RCNone 1|1]
8779,[RCNone 1|1]
9616,Real,40980,6.70886,85,0.00001,300,64,0
9617,[RCNone 1|1]
9618,Eve,1370,1,0,4160
9618,[RCNone 0|4]
9618,Real,4110180,0.00232,4160,0.00000,17862,6,36
9618,[RCError]
9619,[RCError]
9619,[RCError]
9619,[RCError]
9619,[RCError]
9619,[RCError]
9619,[RCError]
9619,[RCError]
9620,[RCError]
9620,[RCError]
9620,[RCError]
9620,[RCError]
9620,[RCError]
9620,[RCError]
9620,[RCError]
9621,[RCError]
9623,[RCError]
9623,Real,1591200,-2147483648.00000,7735,0.00000,1,3216,0
9623,[RCError]
9623,[RCError]
9624,[RCError]
9624,[RCError]
9624,[RCError]
9624,[RCError]
9624,[RCError]
9625,Real,2292099758,0.00001,621,-0.00000,0,0,207
9625,[RCError]
9625,[RCError]
9625,[RCError]
9625,[RCError]
9625,[RCError]
9625,[RCError]
9626,Real,2279866368,0.00001,14,-0.00000,39427,29862,255
9626,[RCError]
9626,[RCError]
9626,[RCNone 1|2]
9626,Eve,4203834506,7,0,53312
9627,Eve,4203838646,0,0,53312
9627,[RCNone 0|4]
9627,[RCError]
9629,[RCError]
9629,[RCError]
9629,[RCError]
9629,[RCError]
9630,[RCError]
10275,Real,41480,6.70000,85,0.00001,299,64,0
10277,[RCNone 1|1]
10920,Raw,81730,12.00000,0.00001
11568,Real,41980,6.77778,84,0.00001,293,64,0
11570,Raw,82230,14.00000,0.00002
12217,Raw,82730,12.00000,0.00008
12864,Real,42480,6.84146,83,0.00001,283,64,0
12866,[RCNone 1|1]
13511,Real,42980,6.84337,82,0.00001,282,64,0
13513,Raw,84230,8.00000,0.00000
14159,Raw,84730,4.00000,0.00000
14806,Real,43480,6.89286,82,0.00001,280,64,0
14807,[RCNone 1|1]
15455,Real,43980,6.88235,81,0.00001,274,64,0
15457,Raw,86230,4.00000,0.00000
16104,Raw,86730,0.00000,0.00000
16751,Real,44480,6.82558,81,0.00001,274,64,0
16753,Raw,87230,4.00000,0.00000
17398,Real,44980,6.82759,81,0.00001,274,64,0
17400,[RCNone 1|1]
18046,Raw,88730,4.00000,0.00002
18693,Real,45480,6.79545,80,0.00001,271,64,0
18694,Raw,89230,4.00000,0.00000
19340,Real,45980,6.79775,80,0.00001,268,64,0
19342,[RCNone 1|1]
19989,Raw,90730,2.00000,0.00000
20636,Real,46480,6.75556,80,0.00001,268,64,0
20640,Raw,91230,4.00000,0.00000
21286,Real,46980,6.73626,79,0.00001,268,64,0
21287,[RCNone 1|1]
21933,Raw,92730,6.00000,0.00000
22580,Real,47480,6.73913,79,0.00001,267,64,0
22582,Raw,93230,8.00000,0.00000
23227,Raw,93730,6.00000,0.00000
23876,Real,47980,6.72043,79,0.00001,266,64,0
23878,[RCNone 1|1]
24524,Real,48480,6.72340,78,0.00001,265,64,0
24525,Raw,95230,6.00000,0.00000
25171,Raw,95730,0.00000,0.00000
25818,Real,48980,6.74737,78,0.00001,264,64,0
25820,[RCNone 1|1]
26465,Real,49480,6.72917,77,0.00001,261,64,0
26469,Raw,97230,6.00000,0.00003
27114,Raw,97730,10.00000,0.00000
27763,Real,49980,6.76289,77,0.00001,260,64,0
27765,Raw,98230,10.00000,0.00001
28411,Real,50480,6.75510,76,0.00001,258,64,0
28412,[RCNone 1|1]
29058,Raw,99730,10.00000,0.00000
29705,Real,50980,6.81818,76,0.00001,255,64,0
29707,Raw,100230,16.00000,0.00005
30352,Real,51480,6.84000,75,0.00001,251,64,0
30354,[RCNone 1|1]
a0: 4.289401, a1: 2.361994, a2: 0.000410, ts: 15758
Spectrum: 503, 780, 1050, 1152, 1189, 1174, 1152, 1099, 1134, 1177, 1244, 1232, 1311, 1292, 1429, 1452, 1540, 1639, 1708, 1804, 1954, 2136, 2272, 2472, 2734, 2907, 3132, 3331, 3552, 3781, 3923, 4022, 4116, 4244, 4303, 4454, 4481, 4541, 4628, 4280, 4106, 3911, 3619, 3421, 3215, 3033, 2847, 2705, 2550, 2330, 2370, 2236, 2169, 2105, 2189, 2114, 2082, 2051, 2018, 2020, 1959, 1854, 1952, 1842, 1726, 1719, 1791, 1725, 1721, 1601, 1603, 1589, 1552, 1598, 1511, 1466, 1473, 1341, 1311, 1245, 1155, 1163, 1183, 1128, 1083, 1054, 1053, 1055, 1084, 1105, 1053, 1028, 1058, 1023, 990, 937, 971, 911, 889, 903, 812, 904, 775, 769, 748, 800, 749, 837, 808, 780, 783, 755, 780, 827, 814, 799, 785, 749, 742, 707, 621, 640, 664, 623, 632, 613, 612, 619, 626, 638, 669, 746, 748, 745, 723, 756, 751, 748, 691, 647, 659, 612, 556, 526, 497, 508, 443, 418, 415, 352, 371, 317, 318, 256, 275, 283, 273, 262, 218, 221, 202, 227, 224, 226, 189, 170, 185, 179, 183, 180, 171, 172, 175, 163, 156, 153, 163, 150, 163, 141, 154, 147, 162, 145, 142, 130, 135, 139, 128, 138, 114, 146, 139, 128, 127, 117, 142, 135, 120, 135, 144, 119, 105, 128, 96, 131, 112, 136, 112, 117, 131, 136, 136, 146, 147, 156, 155, 167, 142, 171, 150, 180, 218, 205, 195, 227, 229, 220, 235, 248, 232, 241, 233, 259, 227, 209, 229, 219, 207, 221, 208, 199, 189, 173, 154, 151, 134, 131, 117, 124, 115, 113, 111, 101, 106, 102, 96, 84, 91, 81, 72, 84, 83, 86, 75, 88, 68, 84, 66, 75, 67, 80, 83, 65, 76, 88, 79, 75, 66, 79, 59, 69, 64, 71, 82, 81, 91, 96, 87, 100, 63, 73, 88, 96, 84, 67, 76, 65, 98, 76, 76, 80, 76, 71, 63, 67, 65, 59, 58, 62, 67, 63, 66, 63, 61, 67, 69, 64, 69, 68, 74, 66, 53, 70, 69, 57, 59, 53, 62, 75, 48, 54, 52, 48, 44, 51, 70, 57, 54, 52, 69, 42, 49, 42, 65, 55, 53, 50, 54, 51, 50, 38, 47, 51, 39, 53, 44, 43, 55, 45, 43, 46, 39, 41, 46, 47, 49, 50, 45, 40, 56, 45, 43, 42, 39, 44, 43, 50, 35, 43, 47, 50, 46, 36, 42, 40, 27, 37, 45, 53, 36, 33, 38, 37, 40, 34, 45, 42, 29, 41, 50, 45, 43, 48, 46, 57, 46, 47, 51, 53, 49, 58, 48, 60, 53, 56, 48, 46, 52, 51, 51, 33, 39, 46, 39, 47, 44, 38, 40, 35, 39, 39, 55, 30, 32, 44, 33, 39, 38, 32, 29, 38, 25, 30, 33, 26, 39, 35, 28, 31, 34, 23, 26, 39, 42, 24, 28, 23, 23, 39, 28, 29, 44, 22, 43, 30, 15, 28, 38, 32, 34, 31, 25, 26, 28, 25, 25, 18, 25, 23, 24, 28, 27, 24, 24, 34, 18, 29, 22, 19, 26, 19, 17, 25, 26, 29, 28, 19, 24, 26, 25, 29, 25, 17, 22, 19, 23, 20, 17, 20, 15, 18, 21, 20, 31, 20, 27, 29, 22, 18, 27, 27, 35, 20, 23, 11, 27, 27, 15, 25, 22, 23, 29, 23, 16, 22, 21, 17, 23, 17, 19, 14, 23, 21, 22, 16, 29, 17, 22, 19, 25, 12, 23, 20, 14, 22, 12, 23, 19, 17, 10, 14, 12, 10, 11, 10, 14, 14, 11, 15, 5, 16, 8, 6, 13, 12, 8, 15, 7, 11, 5, 11, 8, 7, 8, 13, 10, 8, 11, 6, 6, 5, 13, 9, 7, 9, 8, 7, 10, 12, 8, 7, 8, 6, 13, 8, 8, 8, 9, 9, 4, 5, 4, 12, 8, 11, 15, 9, 7, 12, 7, 13, 12, 6, 13, 16, 9, 12, 7, 15, 14, 12, 11, 13, 15, 7, 8, 8, 5, 6, 15, 5, 10, 13, 14, 9, 10, 12, 5, 10, 11, 12, 6, 6, 9, 12, 6, 9, 4, 12, 1, 10, 6, 9, 10, 10, 11, 7, 13, 6, 10, 6, 13, 8, 1, 1, 12, 5, 5, 1, 5, 4, 3, 3, 6, 5, 9, 3, 3, 1, 5, 1, 5, 3, 3, 7, 2, 2, 3, 2, 1, 3, 1, 1, 0, 5, 12, 3, 2, 2, 2, 7, 1, 3, 5, 3, 2, 1, 1, 2, 1, 4, 3, 2, 0, 4, 3, 5, 0, 2, 2, 3, 3, 1, 1, 3, 3, 2, 1, 4, 0, 2, 3, 1, 1, 5, 1, 1, 1, 3, 3, 2, 2, 2, 3, 5, 2, 9, 1, 3, 3, 1, 3, 6, 5, 3, 2, 4, 3, 0, 2, 1, 6, 2, 2, 4, 3, 0, 2, 3, 1, 4, 5, 0, 3, 2, 1, 3, 3, 3, 3, 2, 1, 0, 2, 1, 1, 3, 0, 2, 2, 3, 0, 0, 2, 2, 2, 0, 0, 1, 1, 2, 1, 0, 2, 0, 2, 1, 1, 0, 4, 0, 0, 1, 1, 0, 1, 1, 1, 2, 0, 0, 0, 1, 2, 1, 3, 1, 3, 1, 2, 0, 0, 0, 2, 2, 1, 0, 6, 2, 1, 0, 0, 0, 0, 1, 0, 0, 0, 0, 0, 0, 0, 1, 0, 0, 2, 0, 1, 4, 0, 0, 2, 0, 2, 1, 2, 1, 0, 0, 2, 1, 0, 1, 1, 1, 0, 0, 1, 0, 0, 1, 0, 0, 1, 2, 0, 0, 1, 0, 1, 1, 0, 0, 0, 0, 0, 1, 0, 0, 1, 1, 0, 0, 0, 0, 0, 1, 1, 1, 0, 0, 0, 0, 1, 0, 0, 0, 0, 1, 0, 0, 1, 0, 1, 1, 0, 1, 1, 1, 0, 0, 0, 0, 2, 0, 0, 1, 2, 0, 1, 1, 0, 0, 2, 1, 0, 0, 1, 1, 0, 1, 1, 0, 0, 0, 0, 0, 0, 0, 0, 1, 1, 0, 0, 0, 0, 0, 1, 0, 0, 1, 0, 0, 0, 0, 1, 0, 0, 0, 0, 0, 1, 1, 0, 0, 0, 0, 0, 0, 0, 0, 1, 0, 2, 1, 0, 0, 0, 0, 0, 0, 1, 1, 1, 1, 0, 0, 1, 0, 0, 0, 0, 405, 
31481,Real,51980,6.84158,75,0.00001,250,64,0
31482,[RCNone 1|1]
32130,Raw,102730,8.00000,0.00001
32777,Real,52480,6.84314,74,0.00001,248,64,0
32780,[RCNone 1|1]
33426,Real,52980,6.87379,74,0.00001,247,64,0
33428,Raw,104230,12.00000,0.00001
34073,Raw,104730,8.00000,0.00000
34720,Real,53480,6.86538,73,0.00001,247,64,0
34722,Raw,105230,4.00000,0.00000
35367,Real,53980,6.86667,73,0.00001,245,64,0
35369,[RCNone 1|1]
36016,Raw,106730,8.00000,0.00006
36664,Real,54480,6.89623,73,0.00001,244,64,0
36665,Raw,107230,12.00000,0.00001
37311,Real,54980,6.87850,72,0.00001,243,64,0
37313,[RCNone 1|1]
37958,Raw,108730,8.00000,0.00001
38607,Real,55480,6.87963,72,0.00001,242,64,0
38609,Raw,109230,6.00000,0.00000
