8529,Real,112980,6.89238,50,0.00001,166,64,0
8529,[RCNone 1|1]
8529,Rare,224360,411239,0.00232,4970,9501,64
9192,Real,113480,6.88839,50,0.00001,166,64,0
9194,[RCNone 1|1]
9194,Dose,144980,673,7.01042,0.00001,266,4096
9851,Raw,225730,2.00000,0.00000
10510,Real,113980,6.88000,50,0.00001,166,64,0
10512,Raw,226230,8.00000,0.00000
11159,Real,114480,6.88053,50,0.00001,165,64,0
11160,[RCNone 1|1]
11819,Raw,227730,8.00000,0.00002
12467,Real,114980,6.87665,49,0.00001,165,64,0
12469,Raw,228230,4.00000,0.00000
13127,Real,115480,6.88158,49,0.00001,164,64,0
13130,[RCNone 1|1]
13787,Raw,229730,10.00000,0.00000
14435,Real,115980,6.89956,49,0.00001,164,64,0
14437,Raw,230230,12.00000,0.00000
15095,Real,116480,6.89565,49,0.00001,164,64,0
15096,[RCNone 1|1]
15756,Raw,231730,2.00000,0.00000
16404,Real,116980,6.88312,49,0.00001,164,64,0
16406,Raw,232230,6.00000,0.00000
17063,Real,117480,6.89655,49,0.00001,163,64,0
17065,[RCNone 1|1]
17722,Raw,233730,8.00000,0.00000
18369,Real,117980,6.89270,49,0.00001,163,64,0
18371,Raw,234230,4.00000,0.00001
19030,Raw,234730,4.00000,0.00000
19690,Real,118480,6.90171,49,0.00001,163,64,0
19692,[RCNone 1|1]
20339,Real,118980,6.89787,48,0.00001,162,64,0
20341,Raw,236230,8.00000,0.00002
20998,Raw,236730,4.00000,0.00000
21657,Real,119480,6.89407,48,0.00001,163,64,0
21659,[RCNone 1|1]
22305,Real,119980,6.87342,48,0.00001,163,64,0
22307,Raw,238230,2.00000,0.00000
22965,Raw,238730,4.00000,0.00000
23625,Real,120480,6.86975,48,0.00001,163,64,0
23627,[RCNone 1|1]
24274,Real,120980,6.88703,48,0.00001,162,64,0
24277,Raw,240230,8.00000,0.00000
24934,Raw,240730,6.00000,0.00000
25593,Real,121480,6.87917,48,0.00001,162,64,0
25595,[RCNone 1|1]
26241,Real,121980,6.87967,48,0.00001,162,64,0
26244,Raw,242230,2.00000,0.00000
26901,Raw,242730,4.00000,0.00000
27561,Real,122480,6.88017,48,0.00001,161,64,0
27563,[RCNone 1|1]
27564,Rare,243370,411258,0.00232,4956,9501,4160
28210,Real,122980,6.86831,48,0.00001,161,64,0
28212,Raw,244230,8.00000,0.00000
28869,Raw,244730,16.00000,0.00006
29528,Real,123480,6.88525,48,0.00001,161,64,0
29532,Raw,245230,6.00000,0.00008
30178,Real,123980,6.89388,47,0.00001,161,64,0
30180,[RCNone 1|1]
a0: 4.289401, a1: 2.361994, a2: 0.000410, ts: 15903
Spectrum: 504, 781, 1051, 1152, 1192, 1175, 1155, 1106, 1135, 1180, 1251, 1237, 1317, 1298, 1437, 1456, 1546, 1646, 1715, 1813, 1961, 2146, 2278, 2481, 2747, 2919, 3145, 3341, 3571, 3799, 3940, 4041, 4132, 4257, 4314, 4466, 4493, 4565, 4646, 4297, 4122, 3931, 3638, 3434, 3235, 3040, 2860, 2716, 2561, 2345, 2381, 2245, 2184, 2122, 2202, 2123, 2088, 2059, 2023, 2035, 1972, 1866, 1959, 1855, 1733, 1728, 1797, 1736, 1731, 1609, 1610, 1594, 1559, 1605, 1518, 1471, 1479, 1348, 1316, 1251, 1157, 1172, 1189, 1133, 1087, 1057, 1058, 1061, 1086, 1107, 1057, 1033, 1062, 1026, 994, 941, 975, 912, 892, 905, 814, 905, 776, 773, 750, 802, 753, 839, 809, 784, 786, 757, 783, 827, 817, 802, 788, 750, 743, 709, 621, 642, 665, 625, 634, 616, 613, 621, 629, 638, 671, 750, 749, 748, 724, 756, 751, 750, 694, 647, 660, 613, 558, 526, 497, 510, 443, 419, 415, 356, 371, 318, 318, 256, 279, 287, 275, 262, 218, 221, 202, 228, 225, 226, 189, 170, 185, 180, 183, 181, 171, 172, 176, 163, 157, 153, 163, 150, 163, 142, 154, 147, 162, 145, 142, 131, 135, 139, 128, 138, 114, 147, 139, 129, 127, 117, 142, 135, 120, 135, 144, 119, 105, 128, 96, 131, 112, 136, 112, 117, 131, 136, 136, 146, 147, 157, 155, 168, 142, 171, 150, 180, 218, 206, 195, 227, 230, 220, 235, 248, 232, 241, 233, 260, 227, 209, 229, 220, 207, 221, 208, 199, 190, 173, 154, 151, 134, 131, 117, 124, 115, 113, 111, 101, 106, 102, 96, 84, 92, 81, 72, 84, 83, 86, 77, 88, 68, 84, 67, 75, 67, 80, 83, 65, 77, 88, 79, 75, 66, 80, 59, 69, 64, 71, 82, 83, 91, 96, 87, 100, 63, 73, 88, 97, 84, 67, 76, 65, 98, 76, 76, 80, 76, 71, 63, 67, 65, 59, 59, 62, 67, 63, 66, 63, 61, 67, 69, 64, 69, 68, 74, 67, 53, 71, 70, 57, 59, 53, 62, 75, 48, 55, 52, 48, 44, 52, 70, 57, 54, 52, 69, 42, 49, 42, 66, 55, 53, 50, 54, 51, 50, 38, 47, 51, 39, 53, 44, 43, 55, 45, 43, 46, 39, 41, 46, 47, 49, 50, 45, 40, 56, 45, 43, 42, 39, 44, 43, 50, 35, 43, 47, 50, 46, 36, 42, 41, 27, 37, 45, 53, 36, 33, 38, 37, 40, 35, 45, 42, 29, 41, 50, 45, 43, 48, 46, 57, 46, 47, 51, 53, 49, 58, 49, 60, 53, 56, 48, 46, 52, 51, 51, 33, 39, 46, 39, 47, 45, 38, 40, 35, 39, 39, 55, 31, 33, 44, 33, 39, 38, 32, 29, 38, 25, 30, 33, 26, 39, 36, 28, 31, 35, 23, 26, 39, 42, 24, 28, 23, 23, 40, 28, 29, 44, 22, 43, 30, 15, 28, 38, 32, 34, 31, 25, 26, 28, 26, 25, 18, 25, 23, 24, 28, 27, 25, 24, 34, 18, 29, 22, 19, 26, 19, 17, 25, 27, 29, 28, 19, 24, 26, 25, 29, 25, 17, 22, 20, 23, 20, 17, 20, 15, 18, 21, 20, 31, 21, 27, 29, 22, 18, 27, 27, 35, 20, 23, 11, 27, 27, 15, 25, 22, 23, 29, 23, 17, 22, 21, 17, 23, 17, 19, 14, 23, 21, 22, 16, 29, 17, 23, 19, 25, 12, 23, 20, 14, 22, 12, 24, 19, 17, 11, 14, 12, 10, 11, 10, 14, 14, 11, 15, 5, 16, 8, 6, 13, 12, 8, 15, 7, 11, 5, 11, 8, 7, 8, 13, 10, 8, 11, 6, 6, 5, 13, 9, 7, 9, 8, 7, 10, 12, 8, 7, 8, 6, 13, 8, 8, 8, 9, 9, 4, 5, 4, 12, 8, 11, 15, 9, 7, 12, 7, 13, 12, 6, 13, 16, 9, 12, 7, 15, 14, 12, 11, 13, 15, 7, 8, 8, 5, 6, 15, 5, 10, 13, 14, 9, 10, 12, 5, 10, 11, 12, 6, 6, 9, 12, 6, 9, 4, 12, 1, 10, 6, 9, 10, 10, 11, 7, 13, 6, 10, 6, 13, 8, 1, 1, 12, 5, 5, 2, 5, 4, 3, 3, 6, 5, 9, 3, 3, 1, 5, 1, 5, 3, 3, 7, 2, 2, 3, 2, 1, 3, 1, 1, 0, 5, 12, 3, 2, 2, 2, 7, 1, 3, 5, 3, 2, 1, 1, 2, 1, 4, 3, 2, 0, 4, 3, 5, 0, 2, 2, 3, 3, 1, 1, 3, 3, 2, 1, 4, 0, 2, 3, 1, 1, 5, 1, 1, 1, 3, 3, 2, 2, 3, 3, 5, 2, 9, 1, 3, 3, 1, 3, 6, 5, 3, 2, 4, 3, 0, 2, 1, 6, 2, 2, 4, 3, 0, 2, 3, 1, 4, 5, 0, 3, 2, 1, 3, 3, 3, 3, 2, 1, 0, 2, 1, 1, 3, 0, 2, 2, 3, 0, 0, 2, 2, 2, 0, 0, 1, 1, 2, 1, 0, 2, 0, 2, 1, 1, 0, 4, 0, 0, 1, 1, 0, 1, 1, 1, 2, 0, 0, 0, 1, 2, 1, 3, 1, 3, 1, 2, 0, 0, 0, 2, 2, 1, 0, 6, 2, 1, 0, 0, 0, 0, 1, 0, 0, 0, 0, 0, 0, 0, 1, 0, 0, 2, 0, 1, 4, 0, 0, 2, 0, 2, 1, 2, 1, 0, 0, 2, 1, 0, 1, 1, 1, 0, 0, 1, 0, 0, 1, 0, 0, 1, 2, 0, 0, 1, 0, 1, 1, 0, 0, 0, 0, 0, 1, 0, 0, 1, 1, 0, 0, 0, 0, 0, 1, 1, 1, 0, 0, 0, 0, 1, 0, 0, 0, 0, 1, 0, 0, 1, 0, 1, 1, 0, 1, 1, 1, 0, 0, 0, 0, 2, 0, 0, 1, 2, 0, 1, 1, 0, 0, 2, 1, 0, 1, 1, 1, 0, 1, 1, 0, 0, 0, 0, 0, 0, 0, 0, 1, 1, 0, 0, 0, 0, 0, 1, 0, 0, 1, 0, 0, 0, 0, 1, 0, 0, 0, 0, 0, 1, 1, 0, 0, 0, 0, 0, 0, 0, 0, 2, 0, 2, 1, 0, 0, 0, 0, 0, 0, 1, 1, 1, 1, 0, 0, 1, 0, 0, 0, 0, 406, 
31328,Real,124480,6.90244,47,0.00001,160,64,0
31330,[RCNone 1|1]
31992,Raw,247730,8.00000,0.00000
32651,Real,124980,6.89879,47,0.00001,160,64,0
32652,[RCNone 1|1]
33299,Real,125480,6.91532,47,0.00001,159,64,0
33301,Raw,249230,10.00000,0.00000
33958,Raw,249730,6.00000,0.00000
34617,Real,125980,6.90763,47,0.00001,159,64,0
34618,[RCNone 1|1]
35265,Real,126480,6.90800,47,0.00001,159,64,0
35267,Raw,251230,8.00000,0.00000
35927,Raw,251730,8.00000,0.00000
36586,Real,126980,6.91235,47,0.00001,159,64,0
36587,[RCNone 1|1]
37233,Real,127480,6.90873,47,0.00001,159,64,0
37235,Raw,253230,4.00000,0.00008
37892,Raw,253730,6.00000,0.00001
38550,Real,127980,6.91304,47,0.00001,159,64,0
38552,Raw,254230,10.00000,0.00001
39198,Real,128480,6.92126,47,0.00001,158,64,0
39200,[RCNone 1|1]
39858,Raw,255730,12.00000,0.00001
40516,Real,128980,6.92157,46,0.00001,158,64,0
40518,Raw,256230,2.00000,0.00000
41164,Real,129480,6.92969,46,0.00001,157,64,0
41167,[RCNone 1|1]
41824,Raw,257730,10.00000,0.00003
42472,Real,130480,6.95312,46,0.00001,157,64,0
42474,Raw,258230,12.00000,0.00000
43132,Real,131480,6.96875,46,0.00001,157,64,0
43134,[RCNone 1|1]
43790,Raw,259730,0.00000,0.00000
44438,Real,132480,6.94531,46,0.00001,158,64,0
44439,Raw,260230,8.00000,0.00000
45096,Real,133480,6.94531,46,0.00001,157,64,0
45098,[RCNone 1|1]
45754,Raw,261730,8.00000,0.00000
46402,Real,134480,6.94141,46,0.00001,158,64,0
46404,Raw,262230,8.00000,0.00000
47062,Real,135480,6.95703,46,0.00001,158,64,0
47065,[RCNone 1|1]
47722,Raw,263730,10.00000,0.00002
48369,Real,136480,6.97266,46,0.00001,158,64,0
48371,Raw,264230,10.00000,0.00001
49027,Raw,264730,12.00000,0.00002
49685,Real,137480,6.98047,46,0.00001,157,64,0
49687,[RCNone 1|1]
50333,Real,138480,6.98828,46,0.00001,157,64,0
50335,Raw,266230,8.00000,0.00000
50994,Raw,266730,4.00000,0.00000
51652,Real,139480,6.97656,46,0.00001,157,64,0
51654,[RCNone 1|1]
52300,Real,140480,6.96484,46,0.00001,157,64,0
52302,Raw,268230,4.00000,0.00000
52959,Raw,268730,10.00000,0.00001
53618,Real,141480,6.98438,46,0.00001,157,64,0
53619,[RCNone 1|1]
54265,Real,142480,6.98828,46,0.00001,156,64,0
54267,Raw,270230,4.00000,0.00000
54926,Raw,270730,4.00000,0.00000
55584,Real,143480,6.98438,46,0.00001,156,64,0
55586,[RCNone 1|1]
56232,Real,144480,6.97656,46,0.00001,156,64,0
56234,Raw,272230,4.00000,0.00001
56891,Raw,272730,8.00000,0.00000
57549,Real,145480,6.98828,46,0.00001,156,64,0
57551,Raw,273230,4.00000,0.00000
58197,Real,146480,6.97656,46,0.00001,156,64,0
58201,[RCNone 1|1]
58859,Raw,274730,6.00000,0.00000
59517,Real,147480,7.00391,46,0.00001,156,64,0
59519,Raw,275230,12.00000,0.00000
60166,Real,148480,6.99609,46,0.00001,156,64,0
60167,[RCNone 1|1]
60824,Raw,276730,8.00000,0.00000
a0: 4.289401, a1: 2.361994, a2: 0.000410, ts: 15934
Spectrum: 504, 781, 1051, 1153, 1192, 1177, 1155, 1106, 1137, 1181, 1252, 1237, 1320, 1299, 1438, 1458, 1546, 1648, 1716, 1814, 1963, 2148, 2281, 2487, 2749, 2920, 3150, 3344, 3574, 3804, 3941, 4042, 4134, 4260, 4320, 4466, 4496, 4571, 4649, 4300, 4122, 3938, 3642, 3438, 3239, 3041, 2867, 2718, 2568, 2349, 2383, 2248, 2187, 2125, 2206, 2126, 2091, 2062, 2023, 2039, 1975, 1869, 1961, 1857, 1736, 1730, 1798, 1739, 1734, 1610, 1612, 1595, 1560, 1606, 1519, 1472, 1480, 1353, 1317, 1252, 1157, 1175, 1190, 1134, 1087, 1058, 1059, 1062, 1087, 1107, 1057, 1034, 1064, 1026, 994, 942, 975, 912, 892, 905, 815, 905, 776, 775, 751, 803, 754, 840, 809, 785, 787, 757, 783, 829, 817, 802, 788, 750, 743, 709, 621, 642, 665, 627, 634, 616, 613, 621, 630, 639, 671, 750, 749, 748, 724, 756, 752, 751, 694, 647, 660, 613, 558, 526, 497, 510, 443, 419, 415, 356, 372, 318, 319, 256, 279, 287, 275, 262, 218, 222, 202, 228, 225, 226, 189, 170, 185, 181, 183, 181, 171, 172, 176, 163, 157, 153, 163, 150, 164, 142, 154, 147, 162, 145, 143, 131, 135, 139, 128, 138, 114, 147, 139, 129, 127, 117, 142, 135, 120, 135, 144, 119, 105, 128, 96, 131, 112, 136, 112, 117, 131, 136, 136, 147, 147, 157, 155, 169, 142, 171, 150, 180, 219, 206, 195, 227, 230, 220, 235, 248, 232, 241, 233, 260, 227, 209, 229, 220, 207, 221, 208, 199, 190, 173, 154, 151, 134, 131, 117, 124, 115, 113, 112, 101, 106, 102, 96, 84, 92, 81, 72, 84, 83, 86, 77, 88, 68, 84, 67, 76, 67, 80, 83, 65, 77, 88, 79, 75, 67, 80, 59, 69, 64, 71, 82, 83, 91, 96, 87, 100, 63, 73, 88, 97, 84, 67, 76, 65, 98, 76, 76, 80, 76, 71, 63, 67, 65, 59, 59, 62, 67, 63, 66, 63, 61, 67, 69, 64, 69, 68, 74, 67, 53, 71, 70, 57, 59, 53, 62, 75, 48, 55, 52, 48, 44, 52, 70, 57, 54, 52, 69, 42, 49, 42, 66, 55, 53, 50, 54, 51, 50, 38, 47, 51, 39, 53, 44, 43, 55, 45, 43, 46, 39, 41, 46, 47, 50, 50, 45, 40, 56, 45, 43, 42, 39, 44, 43, 50, 35, 43, 47, 50, 46, 36, 42, 41, 27, 37, 45, 53, 36, 33, 38, 37, 40, 35, 45, 42, 29, 41, 50, 45, 43, 48, 46, 57, 46, 47, 51, 53, 49, 58, 49, 60, 53, 56, 48, 46, 52, 51, 51, 33, 39, 46, 39, 47, 45, 38, 40, 35, 39, 39, 55, 31, 33, 44, 33, 39, 38, 32, 29, 38, 25, 30, 33, 26, 39, 36, 28, 31, 35, 23, 26, 39, 42, 24, 28, 23, 23, 40, 28, 29, 44, 22, 43, 30, 15, 28, 38, 32, 34, 31, 25, 26, 28, 26, 25, 18, 25, 23, 24, 28, 27, 25, 24, 34, 18, 29, 22, 19, 26, 19, 17, 25, 27, 29, 28, 19, 24, 26, 25, 29, 25, 17, 22, 20, 23, 20, 17, 20, 15, 18, 21, 20, 31, 21, 27, 29, 22, 18, 27, 27, 35, 20, 23, 11, 27, 27, 15, 25, 22, 23, 29, 23, 17, 22, 21, 17, 23, 17, 19, 14, 23, 21, 22, 16, 29, 17, 23, 19, 25, 12, 23, 20, 14, 22, 12, 24, 19, 17, 11, 14, 12, 10, 11, 10, 14, 14, 11, 15, 5, 16, 8, 6, 13, 12, 8, 15, 7, 11, 5, 11, 8, 7, 8, 13, 10, 8, 11, 6, 6, 5, 13, 9, 7, 9, 8, 7, 10, 12, 8, 7, 8, 6, 13, 8, 8, 8, 9, 9, 4, 5, 4, 12, 8, 11, 15, 9, 7, 12, 7, 13, 12, 6, 13, 16, 9, 12, 7, 15, 14, 12, 11, 13, 15, 7, 8, 8, 5, 6, 15, 5, 10, 13, 14, 9, 10, 12, 5, 10, 11, 12, 6, 6, 9, 12, 6, 9, 4, 12, 1, 10, 6, 9, 10, 10, 11, 7, 13, 6, 11, 6, 13, 8, 1, 1, 12, 5, 5, 2, 5, 4, 3, 3, 6, 5, 9, 3, 3, 1, 5, 1, 5, 3, 3, 7, 2, 2, 3, 2, 1, 3, 1, 1, 0, 5, 12, 3, 2, 2, 2, 7, 1, 3, 5, 3, 2, 1, 1, 2, 1, 4, 3, 2, 0, 4, 3, 5, 0, 2, 2, 3, 3, 1, 1, 3, 3, 2, 1, 4, 0, 2, 3, 1, 1, 5, 1, 1, 1, 3, 3, 2, 2, 3, 3, 5, 2, 9, 1, 3, 3, 1, 3, 6, 5, 3, 2, 4, 3, 0, 2, 1, 6, 2, 2, 4, 3, 0, 2, 3, 1, 4, 5, 0, 3, 2, 1, 3, 3, 3, 3, 2, 1, 0, 2, 1, 1, 3, 0, 2, 2, 3, 0, 0, 2, 2, 2, 0, 0, 1, 1, 2, 1, 0, 2, 0, 2, 1, 2, 0, 4, 0, 0, 1, 1, 0, 1, 1, 1, 2, 0, 0, 0, 1, 2, 1, 3, 1, 3, 1, 2, 0, 0, 0, 2, 2, 1, 0, 6, 2, 1, 0, 0, 0, 0, 1, 0, 0, 0, 0, 0, 0, 0, 1, 0, 0, 2, 0, 1, 4, 0, 0, 2, 0, 2, 1, 2, 1, 0, 0, 2, 1, 0, 1, 1, 1, 0, 0, 1, 0, 0, 1, 0, 0, 1, 2, 0, 0, 1, 0, 1, 1, 0, 0, 0, 0, 0, 1, 0, 0, 1, 1, 0, 0, 0, 0, 0, 1, 1, 1, 0, 0, 0, 0, 1, 0, 0, 0, 0, 1, 0, 0, 1, 0, 1, 1, 0, 1, 1, 1, 0, 0, 0, 0, 2, 0, 0, 1, 2, 0, 1, 1, 0, 0, 2, 1, 0, 1, 1, 1, 0, 1, 1, 0, 0, 0, 0, 0, 0, 0, 0, 1, 1, 0, 0, 0, 0, 0, 1, 0, 0, 1, 0, 0, 0, 0, 1, 0, 0, 0, 0, 0, 1, 1, 0, 0, 0, 0, 0, 0, 0, 0, 2, 0, 2, 1, 0, 0, 0, 0, 0, 0, 1, 1, 1, 1, 0, 0, 1, 0, 0, 0, 0, 406, 
61960,Real,149480,6.98438,46,0.00001,155,64,0
61961,[RCNone 1|1]
62618,Real,150480,6.96875,46,0.00001,156,64,0
62620,[RCNone 1|1]
63267,Real,151480,6.97656,46,0.00001,156,64,0
63269,Raw,279230,8.00000,0.00000
63926,Raw,279730,8.00000,0.00000
64584,Real,152480,6.97266,46,0.00001,156,64,0
64588,[RCNone 1|1]
65234,Real,153480,6.95703,46,0.00001,156,64,0
65236,Raw,281230,2.00000,0.00000
65893,Raw,281730,6.00000,0.00000
66551,Real,154480,6.94531,46,0.00001,156,64,0
66553,Raw,282230,12.00000,0.00000
67201,Real,155480,6.94141,46,0.00001,156,64,0
67202,[RCNone 1|1]
67859,Raw,283730,10.00000,0.00000
68518,Real,156480,6.96875,46,0.00001,155,64,0
68519,Raw,284230,10.00000,0.00000
69166,Real,157480,6.96094,46,0.00001,155,64,0
69167,[RCNone 1|1]
69824,Raw,285730,10.00000,0.00000
70474,Real,158480,6.95312,46,0.00001,156,64,0
70476,Raw,286230,2.00000,0.00000
71134,Real,159480,6.97266,46,0.00001,156,64,0
71136,[RCNone 1|1]
71792,Raw,287730,4.00000,0.00000
72440,Real,160480,6.97266,46,0.00001,156,64,0
72442,Raw,288230,8.00000,0.00000
73099,Real,161480,6.98438,46,0.00001,156,64,0
73100,[RCNone 1|1]
73757,Raw,289730,8.00000,0.00001
74405,Real,162480,6.98828,46,0.00001,156,64,0
74407,Raw,290230,6.00000,0.00000
75065,Real,163480,6.99219,46,0.00001,156,64,0
75067,[RCNone 1|1]
75723,Raw,291730,12.00000,0.00002
76373,Real,164480,6.99609,46,0.00001,156,64,0
76375,Raw,292230,6.00000,0.00000
77031,Raw,292730,6.00000,0.00000
77690,Real,165480,6.98828,46,0.00001,156,64,0
77692,[RCNone 1|1]
78340,Real,166480,6.98438,46,0.00001,156,64,0
78342,Raw,294230,8.00000,0.00000
78998,Raw,294730,4.00000,0.00000
79657,Real,167480,6.98828,46,0.00001,156,64,0
79658,[RCNone 1|1]
80304,Real,168480,6.98828,46,0.00001,157,64,0
80306,Raw,296230,6.00000,0.00000
80963,Raw,296730,4.00000,0.00000
81621,Real,169480,6.96875,46,0.00001,156,64,0
81624,[RCNone 1|1]
82272,Real,170480,6.98047,46,0.00001,156,64,0
82274,Raw,298230,12.00000,0.00001
82931,Raw,298730,4.00000,0.00000
83590,Real,171480,6.95703,46,0.00001,156,64,0
83591,[RCNone 1|1]
84238,Real,172480,6.95312,46,0.00001,156,64,0
84239,Raw,300230,4.00000,0.00000
84896,Raw,300730,10.00000,0.00000
85554,Real,173480,6.93359,46,0.00001,157,64,0
85556,[RCNone 1|1]
86204,Real,174480,6.94531,46,0.00001,157,64,0
86206,Raw,302230,16.00000,0.00001
86862,Raw,302730,8.00000,0.00004
87522,Real,175480,6.96484,46,0.00001,156,64,0
87524,Raw,303230,6.00000,0.00000
87524,Rare,303370,411318,0.00232,4914,9501,4160
88170,Real,176480,6.95312,46,0.00001,156,64,0
88172,[RCNone 1|1]
88829,Raw,304730,4.00000,0.00000
89476,Real,177480,6.95703,46,0.00001,156,64,0
89478,Raw,305230,8.00000,0.00005
90136,Real,178480,6.97266,46,0.00001,155,64,0
90138,[RCNone 1|1]
90794,Raw,306730,10.00000,0.00001
91442,Real,179480,6.97266,46,0.00001,155,64,0
91444,Raw,307230,8.00000,0.00000
a0: 4.289401, a1: 2.361994, a2: 0.000410, ts: 15964
Spectrum: 504, 781, 1052, 1155, 1194, 1178, 1156, 1106, 1137, 1184, 1253, 1240, 1321, 1301, 1440, 1459, 1547, 1648, 1718, 1817, 1964, 2152, 2282, 2490, 2750, 2924, 3154, 3347, 3578, 3809, 3944, 4046, 4136, 4263, 4323, 4467, 4497, 4573, 4651, 4305, 4126, 3943, 3647, 3441, 3246, 3043, 2872, 2721, 2570, 2351, 2387, 2251, 2189, 2128, 2209, 2127, 2092, 2066, 2026, 2041, 1975, 1871, 1962, 1859, 1736, 1731, 1800, 1739, 1734, 1613, 1612, 1595, 1562, 1606, 1519, 1474, 1483, 1353, 1318, 1253, 1159, 1175, 1190, 1135, 1088, 1059, 1060, 1062, 1087, 1109, 1057, 1034, 1066, 1028, 997, 943, 976, 915, 892, 905, 816, 906, 776, 775, 753, 803, 754, 841, 811, 785, 788, 758, 783, 829, 817, 802, 788, 750, 743, 709, 622, 645, 665, 627, 634, 616, 614, 622, 630, 640, 671, 750, 749, 748, 724, 756, 752, 751, 694, 647, 661, 613, 558, 526, 497, 510, 443, 419, 415, 356, 372, 318, 320, 256, 279, 287, 276, 262, 218, 222, 202, 228, 225, 226, 189, 170, 185, 181, 183, 181, 171, 172, 176, 163, 157, 153, 163, 150, 164, 142, 154, 147, 162, 145, 143, 131, 135, 139, 128, 138, 114, 147, 139, 129, 127, 119, 142, 135, 120, 135, 144, 119, 105, 128, 96, 131, 112, 136, 112, 117, 131, 136, 136, 147, 147, 157, 155, 169, 143, 171, 150, 180, 219, 206, 195, 227, 230, 220, 235, 248, 232, 241, 233, 260, 228, 209, 229, 220, 207, 221, 208, 199, 190, 173, 154, 151, 134, 131, 117, 124, 115, 113, 112, 101, 106, 102, 96, 84, 92, 81, 72, 84, 83, 86, 77, 88, 68, 84, 67, 76, 67, 80, 83, 65, 77, 88, 79, 75, 67, 80, 59, 69, 64, 71, 82, 83, 91, 96, 87, 100, 63, 73, 88, 97, 84, 67, 76, 65, 98, 76, 76, 80, 76, 71, 63, 67, 65, 59, 59, 62, 67, 63, 66, 63, 61, 67, 69, 64, 69, 68, 74, 67, 53, 71, 71, 57, 59, 53, 62, 75, 48, 55, 52, 48, 44, 52, 70, 57, 54, 52, 70, 42, 49, 42, 66, 55, 53, 50, 54, 51, 50, 38, 47, 51, 39, 53, 44, 43, 55, 45, 43, 46, 39, 41, 46, 47, 50, 50, 45, 40, 56, 45, 43, 42, 39, 44, 43, 50, 35, 43, 47, 50, 46, 36, 43, 41, 27, 37, 45, 53, 36, 33, 38, 37, 40, 35, 45, 42, 29, 41, 50, 45, 43, 48, 46, 57, 46, 47, 51, 53, 49, 58, 49, 60, 53, 56, 48, 46, 52, 51, 51, 33, 39, 46, 39, 47, 45, 38, 40, 35, 39, 39, 55, 31, 33, 44, 33, 39, 38, 32, 29, 38, 25, 30, 33, 26, 39, 36, 28, 31, 35, 23, 26, 39, 42, 24, 28, 23, 23, 40, 28, 29, 44, 22, 43, 30, 15, 28, 38, 32, 34, 31, 25, 26, 28, 26, 25, 18, 25, 23, 24, 28, 27, 25, 24, 34, 18, 29, 22, 19, 26, 19, 17, 25, 27, 29, 28, 19, 24, 26, 25, 29, 25, 17, 22, 20, 23, 20, 17, 20, 15, 18, 21, 20, 31, 21, 27, 30, 22, 18, 27, 27, 35, 20, 23, 11, 27, 27, 15, 25, 22, 23, 29, 23, 17, 22, 21, 17, 23, 17, 19, 14, 23, 21, 22, 16, 29, 17, 23, 19, 25, 12, 23, 20, 14, 22, 12, 24, 19, 17, 11, 14, 12, 10, 11, 10, 14, 14, 11, 15, 5, 16, 8, 6, 13, 12, 8, 15, 7, 11, 5, 11, 8, 7, 8, 13, 10, 8, 11, 6, 6, 5, 13, 9, 7, 9, 8, 7, 10, 12, 8, 7, 8, 6, 13, 8, 8, 8, 9, 9, 4, 5, 4, 12, 8, 11, 15, 9, 7, 12, 7, 13, 12, 6, 13, 16, 9, 12, 7, 15, 14, 12, 11, 13, 15, 7, 8, 8, 5, 6, 15, 5, 10, 13, 14, 9, 10, 12, 5, 10, 11, 12, 6, 6, 9, 12, 6, 9, 4, 12, 1, 10, 6, 9, 10, 10, 11, 7, 13, 6, 11, 6, 13, 8, 1, 1, 12, 5, 5, 2, 5, 4, 3, 3, 6, 5, 9, 3, 3, 1, 5, 1, 5, 3, 3, 7, 2, 2, 3, 2, 1, 3, 1, 1, 0, 5, 12, 3, 2, 2, 2, 7, 1, 3, 5, 3, 2, 1, 1, 2, 1, 4, 3, 2, 0, 4, 3, 5, 0, 2, 2, 3, 3, 1, 1, 3, 3, 2, 1, 4, 0, 2, 3, 1, 1, 5, 1, 1, 1, 3, 3, 2, 2, 3, 3, 5, 2, 9, 1, 3, 3, 1, 3, 6, 5, 3, 2, 4, 3, 0, 2, 1, 6, 2, 2, 4, 3, 0, 2, 3, 1, 4, 5, 0, 3, 2, 1, 3, 3, 3, 3, 2, 1, 0, 2, 1, 1, 3, 0, 2, 2, 3, 0, 0, 2, 2, 2, 0, 0, 1, 1, 2, 1, 0, 2, 0, 2, 1, 2, 0, 4, 0, 0, 1, 1, 0, 1, 1, 1, 2, 0, 0, 0, 1, 2, 1, 3, 1, 3, 1, 2, 0, 0, 0, 2, 2, 1, 0, 6, 2, 1, 0, 0, 0, 0, 1, 0, 0, 0, 0, 0, 0, 0, 1, 0, 0, 2, 0, 1, 4, 0, 0, 2, 0, 2, 1, 2, 1, 0, 0, 2, 1, 0, 1, 1, 1, 0, 0, 1, 0, 0, 1, 0, 0, 1, 2, 0, 0, 1, 0, 1, 1, 0, 0, 0, 0, 0, 1, 0, 0, 1, 1, 0, 0, 0, 0, 0, 1, 1, 1, 0, 0, 0, 0, 1, 0, 0, 0, 0, 1, 0, 0, 1, 0, 1, 1, 0, 1, 1, 1, 0, 0, 0, 0, 2, 0, 0, 1, 2, 0, 1, 1, 0, 0, 2, 1, 0, 1, 1, 1, 0, 1, 1, 0, 0, 0, 0, 0, 0, 0, 0, 1, 1, 0, 0, 0, 0, 0, 1, 0, 0, 1, 0, 0, 0, 0, 1, 0, 0, 0, 0, 0, 1, 1, 0, 0, 0, 0, 0, 0, 0, 0, 2, 0, 2, 1, 0, 0, 0, 0, 0, 0, 1, 1, 1, 1, 0, 0, 1, 0, 0, 0, 0, 406, 
92591,Real,180480,6.96094,46,0.00001,155,64,0
92594,[RCNone 1|1]
93240,Real,181480,6.95703,46,0.00001,154,64,0
93242,Raw,309230,4.00000,0.00002
93898,Raw,309730,6.00000,0.00000
94561,Real,182480,6.98438,46,0.00001,154,64,0
94562,[RCNone 1|1]
95209,Real,183480,7.01172,46,0.00001,154,64,0
95210,Raw,311230,8.00000,0.00000
95867,Raw,311730,4.00000,0.00002
96525,Real,184480,7.02734,46,0.00001,153,64,0
96527,Raw,312230,14.00000,0.00002
97173,Real,185480,7.04297,46,0.00001,153,64,0
97175,[RCNone 1|1]
97831,Raw,313730,12.00000,0.00001
98481,Real,186480,7.06250,46,0.00001,153,64,0
98481,Raw,314230,6.00000,0.00007
99137,Real,187480,7.05859,46,0.00001,153,64,0
99139,[RCNone 1|1]
99796,Raw,315730,8.00000,0.00000
100444,Real,188480,7.03906,46,0.00001,153,64,0
100445,Raw,316230,6.00000,0.00000
101102,Real,189480,7.05078,46,0.00001,153,64,0
101104,[RCNone 1|1]
101760,Raw,317730,4.00000,0.00000
102410,Real,190480,7.05078,46,0.00001,153,64,0
102412,Raw,318230,8.00000,0.00000
103068,Real,191480,7.07422,46,0.00001,152,64,0
103070,[RCNone 1|1]
103727,Raw,319730,4.00000,0.00000
104376,Real,192480,7.05469,46,0.00001,153,64,0
104378,Raw,320230,14.00000,0.00000
105034,Raw,320730,4.00000,0.00000
105036,Dose,240980,686,7.14583,0.00001,246,4096
105693,Real,193480,7.04297,46,0.00001,153,64,0
105695,[RCNone 1|1]
106343,Real,194480,7.04297,46,0.00001,153,64,0
106345,Raw,322230,4.00000,0.00000
107002,Raw,322730,8.00000,0.00004
107659,Real,195480,7.04297,46,0.00001,153,64,0
107661,[RCNone 1|1]
108307,Real,196480,7.04297,46,0.00001,153,64,0
108309,Raw,324230,14.00000,0.00000
108967,Raw,324730,4.00000,0.00000
109626,Real,197480,7.05078,46,0.00001,152,64,0
109627,[RCNone 1|1]
110275,Real,198480,7.05078,46,0.00001,152,64,0
110277,Raw,326230,6.00000,0.00000
110934,Raw,326730,0.00000,0.00000
111592,Real,199480,7.05859,46,0.00001,152,64,0
111594,[RCNone 1|1]
112240,Real,200480,7.05078,46,0.00001,152,64,0
112242,Raw,328230,2.00000,0.00000
112899,Raw,328730,6.00000,0.00002
113559,Real,201480,7.03516,46,0.00001,152,64,0
113560,[RCNone 1|1]
114207,Real,202480,7.03125,46,0.00001,152,64,0
114210,Raw,330230,6.00000,0.00001
114867,Raw,330730,8.00000,0.00001
115525,Real,203480,7.03125,46,0.00001,152,64,0
115527,Raw,331230,6.00000,0.00000
116174,Real,204480,7.04688,46,0.00001,152,64,0
116175,[RCNone 1|1]
116832,Raw,332730,6.00000,0.00000
117481,Real,205480,7.05078,46,0.00001,152,64,0
117483,Raw,333230,8.00000,0.00000
118140,Real,206480,7.03906,46,0.00001,152,64,0
118142,[RCNone 1|1]
118798,Raw,334730,4.00000,0.00000
119446,Real,207480,7.03516,46,0.00001,152,64,0
119448,Raw,335230,4.00000,0.00000
120107,Real,208480,7.05078,46,0.00001,152,64,0
120109,[RCNone 1|1]
120766,Raw,336730,2.00000,0.00000
121415,Real,209480,7.04688,46,0.00001,152,64,0
121417,Raw,337230,8.00000,0.00006
122073,Real,210480,7.05859,46,0.00001,152,64,0
122075,[RCNone 1|1]
a0: 4.289401, a1: 2.361994, a2: 0.000410, ts: 15995
Spectrum: 505, 781, 1052, 1155, 1195, 1178, 1158, 1106, 1137, 1185, 1253, 1240, 1323, 1304, 1440, 1459, 1547, 1649, 1721, 1820, 1968, 2155, 2286, 2493, 2751, 2925, 3157, 3349, 3579, 3812, 3947, 4053, 4139, 4265, 4329, 4473, 4501, 4579, 4653, 4311, 4129, 3948, 3648, 3445, 3249, 3045, 2875, 2722, 2573, 2358, 2389, 2256, 2190, 2133, 2211, 2128, 2094, 2071, 2027, 2042, 1977, 1874, 1963, 1866, 1738, 1734, 1800, 1740, 1735, 1613, 1613, 1597, 1565, 1606, 1519, 1474, 1484, 1356, 1318, 1256, 1159, 1175, 1190, 1136, 1088, 1061, 1060, 1062, 1088, 1111, 1058, 1034, 1066, 1028, 997, 943, 977, 916, 893, 905, 817, 907, 776, 775, 753, 805, 755, 841, 812, 786, 788, 759, 784, 829, 817, 802, 788, 750, 744, 710, 622, 645, 666, 627, 634, 616, 614, 623, 630, 640, 671, 750, 749, 749, 724, 756, 752, 752, 694, 647, 661, 613, 559, 527, 497, 510, 443, 419, 415, 356, 372, 318, 320, 256, 279, 287, 277, 262, 218, 222, 202, 228, 225, 226, 189, 170, 185, 181, 183, 181, 171, 173, 176, 163, 157, 153, 163, 150, 164, 142, 154, 147, 162, 145, 143, 131, 135, 139, 128, 138, 114, 147, 139, 129, 127, 120, 142, 135, 120, 135, 144, 119, 105, 128, 96, 131, 112, 136, 112, 117, 133, 136, 136, 147, 147, 157, 155, 170, 143, 171, 151, 180, 219, 206, 195, 227, 230, 220, 235, 248, 232, 241, 233, 260, 228, 209, 229, 220, 207, 221, 208, 199, 190, 173, 154, 151, 135, 131, 118, 124, 115, 113, 112, 101, 106, 102, 96, 84, 92, 81, 72, 84, 83, 86, 78, 88, 68, 84, 67, 76, 67, 80, 83, 65, 77, 88, 79, 75, 67, 80, 59, 69, 64, 71, 82, 83, 91, 96, 87, 100, 63, 73, 88, 97, 84, 67, 76, 65, 98, 76, 76, 80, 76, 71, 63, 67, 65, 59, 59, 62, 67, 63, 66, 63, 61, 67, 70, 64, 69, 68, 75, 67, 53, 71, 71, 57, 59, 53, 62, 75, 48, 55, 52, 48, 44, 52, 71, 57, 54, 52, 70, 42, 49, 42, 66, 55, 53, 50, 54, 51, 50, 38, 47, 51, 39, 53, 44, 43, 55, 45, 43, 46, 39, 41, 46, 47, 50, 50, 45, 40, 56, 45, 43, 42, 39, 44, 44, 50, 35, 43, 47, 50, 46, 36, 43, 41, 27, 37, 45, 53, 36, 33, 39, 37, 40, 35, 45, 42, 29, 41, 50, 45, 43, 48, 46, 57, 46, 47, 51, 53, 49, 58, 49, 60, 53, 56, 48, 46, 52, 51, 51, 33, 39, 46, 39, 47, 45, 38, 40, 35, 39, 39, 55, 31, 33, 44, 33, 39, 38, 32, 29, 38, 25, 30, 33, 27, 39, 36, 28, 31, 35, 23, 26, 40, 42, 24, 28, 23, 23, 41, 28, 29, 44, 22, 43, 30, 15, 28, 38, 32, 34, 31, 25, 26, 28, 26, 25, 18, 25, 23, 24, 28, 27, 25, 24, 34, 18, 29, 22, 19, 26, 19, 17, 25, 27, 29, 28, 19, 24, 26, 25, 30, 25, 17, 22, 20, 23, 20, 17, 20, 15, 18, 21, 20, 31, 21, 27, 30, 22, 18, 27, 27, 35, 20, 23, 11, 27, 27, 15, 25, 22, 24, 29, 23, 17, 22, 21, 17, 23, 17, 19, 14, 23, 21, 22, 16, 29, 17, 23, 19, 25, 12, 23, 20, 14, 22, 12, 24, 19, 17, 11, 14, 12, 10, 11, 10, 14, 14, 11, 15, 5, 16, 8, 6, 13, 12, 8, 15, 7, 11, 5, 11, 8, 7, 8, 13, 10, 8, 11, 6, 6, 5, 13, 9, 7, 9, 8, 7, 10, 12, 8, 7, 8, 6, 13, 8, 8, 8, 9, 9, 4, 5, 4, 12, 8, 11, 15, 9, 7, 12, 7, 13, 12, 6, 13, 16, 9, 12, 7, 15, 14, 12, 11, 13, 15, 7, 8, 8, 5, 6, 15, 5, 10, 13, 14, 9, 10, 12, 5, 10, 11, 12, 6, 6, 9, 12, 6, 9, 4, 12, 1, 10, 6, 9, 10, 10, 11, 7, 13, 6, 11, 6, 13, 8, 1, 1, 12, 5, 5, 2, 5, 4, 3, 3, 6, 5, 9, 3, 3, 1, 5, 1, 5, 3, 3, 7, 2, 2, 3, 2, 1, 3, 1, 1, 0, 5, 12, 3, 2, 2, 2, 7, 1, 3, 5, 3, 2, 1, 1, 2, 1, 4, 3, 2, 0, 5, 3, 5, 0, 2, 2, 3, 3, 1, 1, 3, 3, 2, 1, 4, 0, 2, 3, 1, 1, 5, 1, 1, 1, 3, 3, 2, 2, 3, 3, 5, 2, 9, 1, 3, 3, 1, 3, 6, 5, 3, 2, 4, 3, 0, 2, 1, 6, 2, 2, 4, 3, 0, 2, 3, 1, 4, 5, 0, 3, 2, 1, 3, 3, 3, 3, 2, 1, 0, 2, 1, 1, 3, 0, 2, 2, 3, 0, 0, 2, 2, 2, 0, 0, 1, 1, 2, 1, 0, 2, 0, 2, 1, 2, 0, 4, 0, 0, 1, 1, 0, 1, 1, 1, 2, 0, 0, 0, 1, 2, 1, 3, 1, 3, 1, 2, 0, 0, 0, 2, 2, 1, 0, 6, 2, 1, 0, 0, 0, 0, 1, 0, 0, 0, 0, 0, 0, 0, 1, 0, 0, 2, 0, 1, 4, 0, 0, 2, 0, 2, 1, 2, 1, 0, 0, 2, 1, 0, 1, 1, 1, 0, 0, 1, 0, 0, 1, 0, 0, 1, 2, 0, 0, 1, 0, 1, 1, 0, 0, 0, 0, 0, 1, 0, 0, 1, 1, 0, 0, 0, 0, 0, 1, 1, 1, 0, 0, 0, 0, 1, 0, 0, 0, 0, 1, 0, 0, 1, 0, 1, 1, 0, 1, 1, 1, 0, 0, 0, 0, 2, 0, 0, 1, 2, 0, 1, 1, 0, 0, 2, 1, 0, 1, 1, 1, 0, 1, 1, 0, 0, 0, 0, 0, 0, 0, 0, 1, 1, 0, 0, 0, 0, 0, 1, 0, 0, 1, 0, 0, 0, 0, 1, 0, 0, 0, 0, 0, 1, 1, 0, 0, 0, 0, 0, 0, 0, 0, 2, 0, 2, 1, 0, 0, 0, 0, 0, 0, 1, 1, 1, 1, 0, 0, 1, 0, 0, 0, 0, 406, 
123213,Real,211480,7.05469,46,0.00001,152,64,0
123215,[RCNone 1|1]
123872,Raw,339730,6.00000,0.00000
124530,Real,212480,7.05078,46,0.00001,152,64,0
124532,Raw,340230,6.00000,0.00001
125178,Real,213480,7.02344,46,0.00001,152,64,0
125180,[RCNone 1|1]
125840,Raw,341730,8.00000,0.00004
126498,Real,214480,7.03516,46,0.00001,152,64,0
126500,Raw,342230,10.00000,0.00001
127146,Real,215480,7.05859,46,0.00001,152,64,0
127147,[RCNone 1|1]
127804,Raw,343730,10.00000,0.00001
128452,Real,216480,7.05078,46,0.00001,152,64,0
128453,Raw,344230,0.00000,0.00000
129110,Real,217480,7.05469,46,0.00001,152,64,0
129112,[RCNone 1|1]
129770,Raw,345730,4.00000,0.00000
130418,Real,218480,7.04297,46,0.00001,153,64,0
130420,Raw,346230,4.00000,0.00000
131076,Real,219480,7.05078,46,0.00001,153,64,0
131080,[RCNone 1|1]
131736,Raw,347730,8.00000,0.00002
132384,Real,220480,7.05859,46,0.00001,152,64,0
132385,Raw,348230,6.00000,0.00000
133042,Raw,348730,8.00000,0.00000
133708,Real,221480,7.05859,46,0.00001,152,64,0
133710,[RCNone 1|1]
134356,Real,222480,7.07031,46,0.00001,152,64,0
134357,Raw,350230,12.00000,0.00003
135014,Raw,350730,2.00000,0.00004
135672,Real,223480,7.05078,46,0.00001,152,64,0
135674,[RCNone 1|1]
136320,Real,224480,7.04297,46,0.00001,152,64,0
136322,Raw,352230,8.00000,0.00000
136979,Raw,352730,8.00000,0.00000
137639,Real,225480,7.05469,46,0.00001,152,64,0
137641,[RCNone 1|1]
138287,Real,226480,7.03906,46,0.00001,152,64,0
138289,Raw,354230,8.00000,0.00000
138946,Raw,354730,6.00000,0.00000
139604,Real,227480,7.04297,46,0.00001,153,64,0
139606,[RCNone 1|1]
140252,Real,228480,7.00781,46,0.00001,153,64,0
140254,Raw,356230,6.00000,0.00000
140911,Raw,356730,4.00000,0.00000
141571,Real,229480,7.00391,46,0.00001,154,64,0
141573,[RCNone 1|1]
142219,Real,230480,7.00391,46,0.00001,154,64,0
142223,Raw,358230,4.00000,0.00000
142879,Raw,358730,10.00000,0.00004
143538,Real,231480,7.01562,46,0.00001,154,64,0
143540,Raw,359230,10.00000,0.00001
144186,Real,232480,6.99219,46,0.00001,154,64,0
144188,[RCNone 1|1]
144846,Raw,360730,12.00000,0.00002
145504,Real,233480,7.00781,46,0.00001,153,64,0
145506,Raw,361230,8.00000,0.00002
146152,Real,234480,7.00000,46,0.00001,153,64,0
146154,[RCNone 1|1]
146811,Raw,362730,6.00000,0.00000
147458,Real,235480,6.98438,46,0.00001,153,64,0
147460,Raw,363230,6.00000,0.00005
147462,Rare,363370,411378,0.00232,4876,9501,4160
148119,Real,236480,6.98438,46,0.00001,153,64,0
148121,[RCNone 1|1]
148779,Raw,364730,8.00000,0.00000
149427,Real,237480,6.99219,46,0.00001,153,64,0
149429,Raw,365230,10.00000,0.00004
150086,Real,238480,6.99609,46,0.00001,152,64,0
150088,[RCNone 1|1]
150744,Raw,366730,2.00000,0.00000
151392,Real,239480,6.99609,46,0.00001,153,64,0
151394,Raw,367230,12.00000,0.00000
152051,Real,240480,6.99219,46,0.00001,152,64,0
152053,[RCNone 1|1]
152711,Raw,368730,8.00000,0.00000
a0: 4.289401, a1: 2.361994, a2: 0.000410, ts: 16026
Spectrum: 505, 781, 1053, 1156, 1196, 1178, 1162, 1106, 1138, 1185, 1253, 1241, 1323, 1306, 1442, 1460, 1547, 1653, 1722, 1820, 1968, 2156, 2289, 2494, 2752, 2930, 3159, 3352, 3579, 3816, 3952, 4058, 4140, 4268, 4330, 4473, 4508, 4579, 4657, 4316, 4133, 3951, 3652, 3447, 3252, 3047, 2880, 2724, 2573, 2360, 2390, 2259, 2195, 2134, 2213, 2131, 2097, 2073, 2030, 2044, 1983, 1876, 1964, 1867, 1740, 1736, 1803, 1742, 1737, 1615, 1613, 1601, 1565, 1607, 1520, 1475, 1485, 1356, 1319, 1258, 1160, 1175, 1192, 1137, 1088, 1062, 1063, 1062, 1088, 1112, 1058, 1034, 1066, 1029, 997, 945, 978, 919, 893, 905, 818, 907, 777, 775, 753, 806, 756, 841, 812, 786, 789, 760, 784, 830, 817, 802, 788, 750, 744, 710, 622, 645, 666, 627, 634, 617, 615, 623, 630, 640, 671, 750, 749, 749, 724, 756, 752, 752, 694, 648, 661, 613, 559, 528, 497, 510, 443, 419, 415, 357, 372, 318, 321, 256, 279, 287, 278, 262, 218, 222, 202, 228, 225, 226, 189, 170, 185, 181, 183, 181, 171, 173, 176, 163, 157, 154, 163, 150, 164, 142, 154, 147, 162, 145, 143, 131, 135, 140, 128, 138, 114, 147, 139, 129, 127, 120, 142, 135, 120, 135, 145, 119, 105, 128, 96, 131, 113, 136, 112, 117, 133, 136, 136, 147, 147, 157, 155, 170, 143, 171, 151, 180, 219, 206, 195, 227, 230, 220, 235, 248, 232, 241, 233, 260, 228, 209, 229, 220, 208, 221, 208, 199, 190, 173, 154, 151, 135, 131, 118, 124, 115, 113, 112, 101, 106, 102, 96, 84, 92, 81, 72, 84, 83, 86, 78, 89, 68, 84, 67, 76, 67, 80, 83, 65, 77, 88, 80, 75, 67, 80, 59, 69, 64, 71, 82, 83, 91, 96, 87, 100, 63, 73, 89, 97, 84, 67, 76, 66, 98, 76, 76, 80, 76, 71, 63, 67, 65, 59, 59, 62, 67, 63, 66, 63, 61, 67, 70, 64, 69, 68, 75, 67, 53, 71, 71, 57, 59, 54, 62, 75, 48, 55, 52, 48, 44, 52, 71, 57, 54, 52, 70, 42, 49, 42, 66, 55, 53, 50, 54, 51, 50, 38, 47, 51, 39, 53, 44, 43, 55, 45, 43, 46, 39, 41, 46, 47, 50, 51, 45, 40, 56, 45, 43, 42, 39, 44, 44, 50, 36, 43, 47, 50, 46, 37, 43, 41, 27, 37, 45, 53, 36, 33, 39, 37, 40, 35, 45, 42, 29, 41, 50, 45, 43, 48, 46, 57, 46, 47, 51, 53, 49, 58, 49, 60, 53, 56, 48, 46, 52, 51, 51, 33, 39, 46, 39, 47, 45, 38, 40, 35, 39, 39, 55, 31, 33, 44, 33, 39, 38, 32, 29, 38, 25, 30, 33, 27, 39, 36, 28, 31, 35, 23, 26, 41, 42, 24, 28, 23, 23, 41, 28, 29, 44, 22, 43, 30, 15, 28, 38, 32, 34, 31, 25, 26, 28, 26, 25, 18, 25, 23, 24, 28, 27, 25, 24, 34, 18, 29, 22, 19, 26, 19, 17, 25, 27, 29, 28, 19, 24, 26, 25, 30, 25, 17, 22, 20, 23, 20, 17, 20, 15, 18, 21, 20, 31, 22, 27, 30, 22, 18, 27, 27, 35, 20, 23, 11, 27, 27, 15, 25, 22, 24, 29, 23, 17, 22, 21, 17, 23, 17, 19, 14, 23, 21, 22, 16, 29, 17, 23, 19, 25, 12, 23, 20, 14, 22, 12, 24, 19, 17, 11, 14, 12, 10, 11, 10, 14, 14, 11, 15, 5, 16, 8, 6, 13, 12, 8, 15, 7, 11, 5, 11, 8, 7, 8, 13, 10, 8, 11, 6, 6, 5, 13, 9, 7, 9, 8, 7, 10, 12, 8, 7, 8, 6, 13, 8, 8, 8, 9, 9, 4, 5, 4, 12, 8, 11, 15, 9, 7, 12, 7, 13, 12, 6, 13, 16, 9, 12, 7, 16, 14, 12, 11, 13, 15, 7, 8, 8, 5, 6, 15, 5, 10, 13, 14, 9, 10, 12, 5, 10, 11, 12, 6, 6, 9, 12, 6, 9, 4, 12, 1, 10, 6, 9, 10, 10, 11, 7, 13, 6, 11, 6, 13, 8, 1, 1, 12, 5, 5, 2, 5, 4, 3, 3, 6, 5, 9, 3, 3, 1, 5, 1, 5, 3, 3, 7, 2, 2, 3, 2, 1, 3, 1, 1, 0, 5, 12, 3, 2, 2, 2, 7, 1, 3, 5, 3, 2, 1, 1, 2, 1, 4, 3, 2, 0, 5, 3, 5, 0, 2, 2, 3, 3, 1, 1, 3, 3, 2, 1, 4, 0, 2, 3, 1, 1, 5, 1, 1, 1, 3, 3, 2, 2, 3, 3, 5, 2, 9, 1, 3, 3, 1, 3, 6, 5, 3, 2, 4, 3, 0, 2, 1, 6, 2, 2, 4, 3, 0, 2, 3, 1, 4, 5, 0, 3, 2, 1, 3, 3, 3, 3, 2, 1, 0, 2, 1, 1, 3, 0, 2, 2, 3, 0, 0, 2, 2, 2, 0, 0, 1, 1, 2, 1, 0, 2, 0, 2, 1, 2, 0, 4, 0, 0, 1, 1, 0, 1, 1, 1, 2, 0, 0, 0, 1, 2, 1, 3, 1, 3, 1, 2, 0, 0, 0, 2, 2, 1, 0, 6, 2, 1, 0, 0, 0, 0, 1, 0, 0, 0, 0, 0, 0, 0, 1, 0, 0, 2, 0, 1, 4, 0, 0, 2, 0, 2, 1, 3, 1, 0, 0, 2, 1, 0, 1, 1, 1, 0, 0, 1, 0, 0, 1, 0, 0, 1, 2, 0, 0, 1, 0, 1, 1, 0, 0, 0, 0, 0, 1, 0, 0, 1, 1, 0, 0, 0, 0, 0, 1, 1, 1, 0, 0, 0, 0, 1, 0, 0, 0, 0, 1, 0, 0, 1, 0, 1, 1, 0, 1, 1, 1, 0, 0, 0, 0, 2, 0, 0, 1, 2, 0, 1, 1, 0, 0, 2, 1, 0, 1, 1, 1, 0, 1, 1, 0, 0, 0, 0, 0, 0, 0, 0, 1, 1, 0, 0, 0, 0, 0, 1, 0, 0, 1, 0, 0, 0, 0, 1, 0, 0, 0, 0, 0, 1, 1, 0, 0, 0, 0, 0, 0, 0, 0, 2, 0, 2, 1, 0, 0, 0, 0, 0, 0, 1, 1, 1, 1, 0, 0, 1, 0, 0, 0, 0, 406, 
153850,Real,241480,7.00391,46,0.00001,152,64,0
153852,[RCNone 1|1]
154508,Real,242480,7.00781,46,0.00001,152,64,0
154510,Raw,370230,8.00000,0.00000
155156,Real,243480,6.99609,46,0.00001,152,64,0
155158,[RCNone 1|1]
155815,Raw,371730,4.00000,0.00000
156462,Real,244480,6.99219,46,0.00001,152,64,0
156464,Raw,372230,12.00000,0.00001
157125,Real,245480,6.99609,46,0.00001,152,64,0
157127,[RCNone 1|1]
157784,Raw,373730,12.00000,0.00001
158431,Real,246480,7.03125,46,0.00001,152,64,0
158433,Raw,374230,12.00000,0.00001
159092,Real,247480,7.01172,46,0.00001,153,64,0
159094,[RCNone 1|1]
159750,Raw,375730,4.00000,0.00001
160398,Real,248480,6.99609,46,0.00001,153,64,0
160399,Raw,376230,8.00000,0.00000
161058,Real,249480,6.97656,46,0.00001,154,64,0
161059,[RCNone 1|1]
161716,Raw,377730,6.00000,0.00001
162364,Real,250480,6.98438,46,0.00001,154,64,0
162365,Raw,378230,12.00000,0.00005
163022,Raw,378730,10.00000,0.00000
163680,Real,251480,6.98438,46,0.00001,154,64,0
163682,[RCNone 1|1]
164328,Real,252480,6.97656,46,0.00001,154,64,0
164332,Raw,380230,2.00000,0.00000
164990,Raw,380730,6.00000,0.00000
165648,Real,253480,6.98047,46,0.00001,154,64,0
165650,[RCNone 1|1]
166296,Real,254480,6.98438,46,0.00001,153,64,0
166298,Raw,382230,6.00000,0.00000
166954,Raw,382730,4.00000,0.00000
167612,Real,255480,6.95703,46,0.00001,154,64,0
167614,[RCNone 1|1]
168260,Real,256480,6.96094,46,0.00001,153,64,0
168262,Raw,384230,10.00000,0.00004
168921,Raw,384730,18.00000,0.00006
169579,Real,257480,7.00391,46,0.00001,152,64,0
169580,[RCNone 1|1]
170228,Real,258480,7.01562,46,0.00001,152,64,0
170230,Raw,386230,4.00000,0.00000
170887,Raw,386730,4.00000,0.00000
171545,Real,259480,7.00000,46,0.00001,152,64,0
171547,[RCNone 1|1]
172193,Real,260480,6.98047,46,0.00001,152,64,0
172195,Raw,388230,2.00000,0.00000
172853,Raw,388730,6.00000,0.00000
173511,Real,261480,6.94141,46,0.00001,153,64,0
173513,Raw,389230,0.00000,0.00000
174159,Real,262480,6.94141,46,0.00001,153,64,0
174161,[RCNone 1|1]
174817,Raw,390730,8.00000,0.00004
175465,Real,263480,6.95312,46,0.00001,152,64,0
175469,Raw,391230,10.00000,0.00000
176125,Real,264480,6.94922,46,0.00001,152,64,0
176127,[RCNone 1|1]
176785,Raw,392730,2.00000,0.00000
177433,Real,265480,6.95312,46,0.00001,152,64,0
177435,Raw,393230,8.00000,0.00001
178092,Real,266480,6.95312,46,0.00001,152,64,0
178093,[RCNone 1|1]
178750,Raw,394730,6.00000,0.00001
179398,Real,267480,6.94922,46,0.00001,152,64,0
179399,Raw,395230,0.00000,0.00000
180058,Real,268480,6.95312,46,0.00001,152,64,0
180059,[RCNone 1|1]
180716,Raw,396730,14.00000,0.00000
181365,Real,269480,6.97266,46,0.00001,152,64,0
181367,Raw,397230,6.00000,0.00005
182024,Raw,397730,8.00000,0.00003
182682,Real,270480,6.97266,46,0.00001,152,64,0
182684,[RCNone 1|1]
183330,Real,271480,6.98047,46,0.00001,151,64,0
183332,Raw,399230,8.00000,0.00000
a0: 4.289401, a1: 2.361994, a2: 0.000410, ts: 16056
Spectrum: 505, 781, 1054, 1156, 1196, 1181, 1164, 1107, 1138, 1185, 1254, 1242, 1325, 1306, 1445, 1460, 1549, 1653, 1722, 1821, 1969, 2156, 2291, 2495, 2755, 2931, 3161, 3356, 3583, 3817, 3954, 4064, 4141, 4274, 4333, 4480, 4513, 4581, 4661, 4320, 4134, 3953, 3655, 3452, 3256, 3052, 2882, 2725, 2574, 2363, 2391, 2259, 2197, 2135, 2219, 2132, 2100, 2075, 2030, 2048, 1986, 1877, 1967, 1869, 1742, 1737, 1810, 1744, 1739, 1615, 1614, 1603, 1567, 1607, 1522, 1476, 1485, 1356, 1323, 1260, 1161, 1176, 1192, 1141, 1091, 1064, 1065, 1065, 1088, 1113, 1059, 1034, 1066, 1030, 997, 947, 979, 919, 893, 905, 818, 907, 778, 775, 754, 806, 757, 841, 814, 786, 789, 761, 785, 830, 817, 802, 788, 751, 744, 710, 622, 645, 666, 627, 634, 618, 615, 623, 631, 641, 671, 750, 749, 749, 724, 757, 752, 752, 694, 648, 662, 613, 559, 528, 497, 510, 443, 419, 415, 357, 372, 318, 321, 256, 279, 287, 279, 262, 218, 222, 202, 228, 225, 226, 189, 170, 185, 181, 183, 181, 171, 173, 176, 163, 157, 154, 163, 150, 164, 142, 154, 148, 162, 145, 143, 132, 135, 140, 128, 138, 114, 147, 139, 129, 127, 120, 142, 135, 120, 135, 145, 119, 105, 128, 96, 131, 113, 136, 113, 117, 133, 136, 136, 147, 147, 157, 155, 170, 143, 171, 151, 180, 219, 206, 195, 227, 230, 220, 235, 248, 232, 241, 233, 260, 228, 209, 229, 220, 208, 221, 208, 199, 190, 173, 154, 151, 135, 131, 118, 124, 115, 113, 112, 101, 106, 102, 96, 84, 92, 81, 72, 84, 83, 86, 78, 89, 68, 84, 67, 76, 67, 81, 83, 65, 77, 88, 80, 75, 67, 80, 59, 69, 64, 71, 82, 83, 91, 96, 87, 100, 63, 73, 89, 97, 84, 67, 76, 66, 98, 76, 76, 80, 76, 71, 63, 67, 65, 59, 59, 62, 67, 63, 66, 63, 61, 68, 70, 64, 69, 69, 75, 67, 53, 71, 71, 57, 59, 54, 62, 76, 48, 55, 52, 48, 44, 52, 71, 57, 54, 52, 71, 43, 49, 42, 66, 55, 53, 50, 54, 51, 50, 38, 47, 51, 39, 53, 44, 43, 55, 45, 43, 46, 39, 41, 46, 47, 50, 51, 45, 40, 56, 45, 43, 42, 39, 44, 44, 50, 36, 44, 47, 50, 46, 37, 43, 41, 27, 37, 45, 53, 36, 33, 39, 37, 40, 35, 45, 42, 29, 41, 50, 45, 43, 48, 46, 57, 46, 47, 51, 53, 49, 58, 49, 60, 53, 56, 48, 46, 53, 51, 51, 33, 39, 46, 39, 48, 45, 38, 40, 35, 40, 39, 55, 31, 33, 44, 33, 39, 38, 32, 29, 38, 25, 30, 33, 27, 39, 36, 28, 31, 35, 23, 26, 41, 42, 24, 28, 23, 23, 41, 28, 29, 44, 22, 43, 30, 15, 28, 38, 32, 34, 31, 25, 26, 28, 26, 25, 18, 25, 23, 24, 28, 27, 25, 24, 34, 18, 29, 22, 19, 26, 19, 17, 25, 27, 29, 28, 19, 24, 26, 25, 30, 25, 17, 22, 20, 23, 20, 17, 20, 15, 18, 21, 20, 31, 22, 27, 30, 22, 18, 27, 27, 35, 20, 23, 11, 27, 27, 16, 25, 22, 24, 29, 23, 17, 22, 21, 17, 23, 17, 19, 14, 23, 21, 23, 16, 29, 17, 23, 19, 25, 12, 23, 20, 14, 22, 12, 24, 19, 17, 11, 14, 12, 10, 11, 10, 14, 14, 11, 15, 5, 16, 8, 6, 13, 12, 8, 15, 7, 11, 5, 11, 8, 7, 8, 13, 10, 8, 11, 6, 6, 5, 13, 9, 7, 9, 8, 7, 10, 12, 8, 7, 8, 6, 13, 8, 8, 8, 9, 9, 4, 5, 4, 12, 8, 11, 15, 9, 7, 12, 7, 13, 12, 6, 13, 16, 9, 12, 7, 16, 14, 12, 11, 13, 15, 7, 8, 8, 5, 6, 15, 5, 10, 13, 14, 9, 10, 12, 5, 10, 11, 12, 6, 6, 9, 12, 6, 9, 4, 12, 1, 10, 6, 9, 10, 10, 11, 7, 13, 6, 11, 6, 13, 8, 1, 1, 12, 5, 5, 2, 5, 4, 3, 3, 6, 5, 9, 3, 3, 1, 5, 1, 5, 3, 3, 7, 2, 2, 3, 2, 1, 3, 1, 1, 0, 5, 12, 3, 2, 2, 2, 7, 1, 3, 5, 3, 2, 1, 1, 2, 1, 4, 3, 2, 0, 5, 3, 5, 0, 2, 2, 3, 3, 1, 1, 3, 3, 2, 1, 4, 0, 2, 3, 1, 1, 5, 1, 1, 1, 3, 3, 2, 2, 3, 3, 5, 2, 9, 1, 3, 3, 1, 3, 6, 5, 3, 2, 4, 3, 0, 2, 1, 6, 2, 2, 4, 3, 0, 2, 3, 1, 4, 5, 0, 3, 2, 1, 3, 3, 3, 3, 2, 1, 0, 2, 1, 1, 3, 0, 2, 2, 3, 0, 0, 2, 2, 2, 0, 0, 1, 1, 2, 1, 0, 2, 0, 2, 1, 2, 0, 4, 0, 0, 1, 1, 0, 1, 1, 1, 2, 0, 0, 0, 1, 2, 1, 3, 1, 4, 1, 2, 0, 0, 0, 2, 2, 1, 0, 6, 2, 1, 0, 0, 0, 0, 1, 0, 0, 0, 0, 0, 0, 0, 1, 0, 0, 2, 0, 1, 4, 0, 0, 2, 0, 2, 1, 3, 1, 0, 0, 2, 1, 0, 1, 1, 1, 0, 0, 1, 0, 0, 1, 0, 0, 1, 2, 0, 0, 1, 0, 1, 1, 0, 0, 0, 0, 0, 1, 0, 0, 1, 1, 0, 0, 0, 0, 0, 1, 1, 1, 0, 0, 0, 0, 1, 0, 0, 0, 0, 1, 0, 0, 1, 0, 1, 1, 0, 1, 1, 1, 0, 0, 0, 0, 2, 0, 0, 1, 2, 0, 1, 1, 0, 0, 2, 1, 0, 1, 1, 1, 0, 1, 1, 0, 0, 0, 0, 0, 0, 0, 0, 1, 1, 0, 0, 0, 0, 0, 1, 0, 0, 1, 0, 0, 0, 0, 1, 0, 0, 0, 0, 0, 1, 1, 0, 0, 0, 0, 0, 0, 0, 0, 2, 0, 2, 1, 0, 0, 0, 0, 0, 0, 1, 1, 1, 1, 0, 0, 1, 0, 0, 0, 0, 407, 
184470,Real,272480,6.98438,46,0.00001,152,64,0
184472,[RCNone 1|1]
185128,Real,273480,7.00781,46,0.00001,152,64,0
185130,[RCNone 1|1]
185787,Raw,401730,6.00000,0.00001
186435,Real,274480,7.02734,46,0.00001,151,64,0
186436,Raw,402230,16.00000,0.00001
187095,Real,275480,7.03125,46,0.00001,151,64,0
187097,[RCNone 1|1]
187753,Raw,403730,6.00000,0.00000
188402,Real,276480,7.01172,46,0.00001,152,64,0
188404,Raw,404230,6.00000,0.00000
189061,Real,277480,7.01172,46,0.00001,151,64,0
189063,[RCNone 1|1]
189719,Raw,405730,10.00000,0.00000
190367,Real,278480,7.01172,46,0.00001,151,64,0
190369,Raw,406230,2.00000,0.00000
191023,Raw,406730,8.00000,0.00000
191682,Real,279480,7.01172,46,0.00001,151,64,0
191683,[RCNone 1|1]
192331,Real,280480,7.00781,46,0.00001,151,64,0
192335,Raw,408230,10.00000,0.00000
192992,Raw,408730,12.00000,0.00001
193650,Real,281480,6.99609,46,0.00001,151,64,0
193652,[RCNone 1|1]
194298,Real,282480,7.00391,46,0.00001,151,64,0
194300,Raw,410230,8.00000,0.00000
194957,Raw,410730,2.00000,0.00000
