8326,Real,312230,7.10495,46,0.00001,150,64,0
8326,[RCNone 1|1]
8326,Dose,336980,676,7.04167,0.00001,233,4096
8326,[RCNone 1|3]
8982,Real,313230,7.10099,46,0.00001,150,64,0
8983,[RCNone 1|1]
9632,Raw,439730,10.00000,0.00010
10281,Real,313730,7.10059,46,0.00001,150,64,0
10283,[RCNone 1|1]
10932,Real,314980,7.11067,46,0.00001,150,64,0
10933,Raw,441230,8.00000,0.00002
11584,Raw,441730,4.00000,0.00000
12234,Real,315480,7.09843,46,0.00001,150,64,0
12235,Raw,442230,4.00000,0.00000
12884,Real,315980,7.11373,46,0.00001,150,64,0
12887,[RCNone 1|1]
13536,Raw,443730,6.00000,0.00000
14186,Real,316730,7.10372,46,0.00001,150,64,0
14187,Raw,444230,4.00000,0.00000
14836,Real,317480,7.10938,46,0.00001,150,64,0
14838,[RCNone 1|1]
15488,Raw,445730,4.00000,0.00000
16138,Real,318480,7.11328,46,0.00001,150,64,0
16140,Raw,446230,4.00000,0.00000
16788,Real,319980,7.11373,46,0.00001,150,64,0
16790,[RCNone 1|1]
17438,Raw,447730,4.00000,0.00002
18088,Real,321230,7.14342,46,0.00001,150,64,0
18090,Raw,448230,20.00000,0.00001
18739,Raw,448730,2.00000,0.00000
19392,Real,321730,7.12329,46,0.00001,150,64,0
19394,[RCNone 1|1]
20042,Real,322980,7.12157,46,0.00001,150,64,0
20044,Raw,450230,4.00000,0.00000
20692,Raw,450730,12.00000,0.00000
21342,Real,323730,7.11155,46,0.00001,150,64,0
21344,[RCNone 1|1]
21992,Real,324980,7.11765,46,0.00001,150,64,0
21994,Raw,452230,16.00000,0.00003
22643,Raw,452730,6.00000,0.00000
23294,Real,325730,7.10763,46,0.00001,150,64,0
23296,[RCNone 1|1]
23944,Real,326480,7.08984,46,0.00001,150,64,0
23946,Raw,454230,0.00000,0.00000
24596,Raw,454730,8.00000,0.00000
25246,Real,327980,7.07451,46,0.00001,150,64,0
25248,[RCNone 1|1]
25896,Real,328480,7.06641,46,0.00001,150,64,0
25898,Raw,456230,10.00000,0.00000
26547,Raw,456730,12.00000,0.00001
27198,Real,329480,7.10547,46,0.00001,150,64,0
27200,Raw,457230,16.00000,0.00008
27849,Real,330480,7.11719,46,0.00001,150,64,0
27850,[RCNone 1|1]
28498,Raw,458730,8.00000,0.00006
29148,Real,331480,7.10938,46,0.00001,150,64,0
29150,Raw,459230,4.00000,0.00002
29799,Real,332480,7.10547,46,0.00001,150,64,0
29802,[RCNone 1|1]
30450,Raw,460730,8.00000,0.00000
a0: 4.289401, a1: 2.361994, a2: 0.000410, ts: 16118
Spectrum: 506, 783, 1055, 1157, 1199, 1183, 1165, 1108, 1138, 1187, 1254, 1242, 1327, 1308, 1451, 1461, 1551, 1654, 1725, 1824, 1971, 2162, 2295, 2504, 2761, 2936, 3165, 3360, 3588, 3826, 3959, 4073, 4142, 4282, 4343, 4489, 4515, 4589, 4662, 4331, 4140, 3961, 3661, 3460, 3263, 3060, 2887, 2733, 2580, 2370, 2399, 2266, 2198, 2142, 2228, 2134, 2104, 2081, 2036, 2050, 1990, 1885, 1970, 1869, 1746, 1742, 1814, 1746, 1742, 1619, 1617, 1605, 1572, 1610, 1527, 1481, 1487, 1359, 1324, 1262, 1166, 1177, 1193, 1142, 1095, 1066, 1065, 1071, 1092, 1114, 1060, 1038, 1068, 1031, 997, 947, 980, 920, 895, 908, 820, 907, 778, 775, 756, 806, 758, 842, 814, 788, 789, 766, 787, 830, 817, 803, 788, 752, 745, 710, 623, 645, 667, 629, 637, 618, 615, 627, 631, 641, 672, 751, 750, 750, 724, 758, 753, 752, 694, 648, 662, 614, 560, 528, 498, 511, 443, 419, 415, 357, 372, 318, 321, 256, 279, 287, 280, 262, 218, 222, 202, 228, 225, 226, 190, 170, 185, 181, 184, 181, 171, 173, 176, 163, 157, 154, 163, 150, 164, 142, 155, 149, 162, 146, 143, 133, 135, 141, 128, 139, 114, 147, 139, 129, 127, 120, 142, 135, 120, 135, 145, 119, 105, 128, 97, 131, 113, 136, 114, 117, 133, 136, 136, 147, 147, 157, 155, 170, 143, 171, 152, 180, 219, 206, 196, 227, 230, 220, 235, 248, 232, 241, 234, 261, 228, 209, 229, 220, 208, 221, 208, 199, 190, 173, 155, 151, 135, 132, 119, 124, 115, 113, 112, 101, 106, 102, 96, 84, 92, 81, 72, 84, 83, 87, 79, 89, 68, 84, 67, 76, 67, 81, 83, 65, 77, 88, 80, 75, 67, 80, 60, 69, 64, 71, 82, 83, 91, 96, 87, 100, 63, 73, 89, 97, 84, 67, 76, 66, 98, 76, 76, 80, 76, 71, 63, 67, 65, 59, 59, 62, 67, 63, 66, 63, 61, 68, 70, 64, 69, 69, 75, 67, 53, 71, 71, 57, 59, 54, 62, 76, 48, 55, 52, 48, 44, 52, 71, 57, 54, 52, 71, 43, 49, 42, 66, 56, 53, 50, 54, 51, 50, 38, 47, 52, 39, 53, 44, 43, 55, 45, 43, 46, 39, 41, 46, 47, 50, 51, 45, 40, 56, 45, 43, 42, 39, 44, 44, 50, 36, 44, 47, 50, 46, 37, 43, 41, 27, 37, 45, 53, 36, 33, 39, 37, 40, 35, 45, 42, 29, 41, 50, 45, 43, 48, 46, 57, 46, 47, 51, 53, 49, 58, 49, 60, 53, 56, 48, 46, 54, 51, 51, 33, 39, 46, 39, 49, 45, 38, 40, 35, 40, 39, 55, 31, 33, 44, 33, 39, 38, 32, 29, 38, 26, 30, 33, 27, 39, 36, 28, 31, 35, 23, 26, 41, 42, 24, 28, 23, 23, 41, 28, 29, 44, 22, 43, 30, 16, 29, 38, 32, 34, 31, 25, 26, 28, 26, 25, 18, 25, 23, 24, 28, 27, 25, 24, 34, 18, 29, 22, 19, 26, 19, 17, 25, 27, 29, 28, 19, 24, 27, 25, 30, 25, 17, 22, 20, 23, 20, 17, 20, 15, 18, 21, 20, 31, 22, 27, 30, 22, 18, 28, 27, 35, 20, 23, 11, 27, 27, 16, 25, 22, 24, 29, 23, 17, 22, 21, 17, 23, 17, 19, 14, 23, 21, 23, 16, 29, 17, 23, 19, 25, 12, 23, 20, 14, 22, 13, 24, 19, 17, 11, 14, 12, 10, 11, 10, 14, 14, 11, 15, 5, 16, 8, 6, 13, 12, 8, 15, 7, 11, 5, 11, 8, 7, 8, 13, 10, 8, 11, 6, 6, 5, 13, 9, 7, 9, 8, 7, 10, 12, 8, 7, 8, 6, 13, 8, 8, 8, 9, 9, 4, 5, 4, 12, 8, 11, 15, 9, 7, 12, 7, 13, 12, 6, 13, 16, 9, 12, 7, 16, 14, 12, 11, 13, 15, 7, 8, 8, 5, 6, 15, 5, 10, 13, 14, 9, 10, 12, 5, 10, 11, 12, 6, 6, 9, 12, 6, 9, 4, 12, 1, 10, 6, 9, 10, 10, 11, 7, 13, 6, 11, 6, 13, 8, 1, 1, 12, 5, 5, 2, 5, 4, 3, 3, 6, 5, 9, 3, 3, 1, 5, 1, 5, 3, 3, 7, 2, 2, 3, 2, 1, 3, 1, 1, 0, 5, 12, 3, 2, 2, 2, 7, 1, 3, 5, 3, 2, 1, 1, 2, 1, 4, 3, 2, 0, 5, 3, 5, 0, 2, 2, 3, 3, 1, 1, 4, 3, 2, 1, 4, 0, 2, 3, 1, 1, 5, 1, 1, 1, 3, 3, 2, 2, 3, 3, 5, 2, 9, 1, 3, 3, 1, 3, 6, 5, 3, 2, 4, 3, 0, 2, 1, 6, 2, 2, 4, 3, 0, 2, 3, 1, 4, 5, 0, 3, 2, 1, 3, 3, 3, 3, 2, 1, 0, 2, 1, 1, 3, 0, 2, 2, 3, 0, 0, 2, 2, 2, 0, 0, 1, 1, 2, 1, 0, 2, 0, 2, 1, 2, 0, 4, 0, 0, 1, 1, 0, 1, 1, 1, 2, 0, 0, 0, 1, 2, 1, 3, 1, 4, 1, 2, 0, 0, 0, 2, 2, 1, 0, 6, 2, 1, 0, 0, 0, 0, 1, 0, 0, 0, 0, 0, 0, 0, 1, 0, 0, 2, 0, 1, 4, 0, 0, 2, 0, 2, 1, 3, 1, 0, 0, 2, 1, 0, 1, 1, 1, 0, 0, 1, 0, 0, 1, 0, 0, 1, 2, 0, 0, 1, 0, 1, 1, 0, 0, 0, 0, 0, 1, 0, 0, 1, 1, 0, 0, 0, 0, 0, 1, 1, 1, 0, 0, 0, 0, 1, 0, 0, 0, 0, 1, 0, 0, 1, 0, 1, 1, 0, 1, 1, 1, 0, 0, 0, 0, 2, 0, 0, 1, 2, 0, 1, 1, 0, 0, 2, 1, 0, 1, 1, 1, 0, 1, 1, 0, 0, 0, 0, 0, 0, 0, 0, 1, 1, 0, 0, 0, 0, 0, 1, 0, 0, 1, 0, 0, 0, 0, 1, 0, 0, 0, 0, 0, 1, 1, 0, 0, 0, 0, 0, 0, 0, 0, 2, 0, 2, 1, 0, 0, 0, 0, 0, 0, 1, 1, 1, 1, 0, 0, 1, 0, 0, 0, 0, 412, 
31575,Real,333480,7.12109,46,0.00001,150,64,0
31577,[RCNone 1|1]
32225,Real,334480,7.12500,46,0.00001,150,64,0
32227,Raw,462230,8.00000,0.00000
32875,Real,335480,7.10547,46,0.00001,150,64,0
32877,[RCNone 1|1]
33525,Raw,463730,14.00000,0.00001
34175,Real,336480,7.10547,46,0.00001,151,64,0
34177,Raw,464230,2.00000,0.00000
34825,Real,337480,7.08203,46,0.00001,151,64,0
34827,[RCNone 1|1]
35477,Raw,465730,4.00000,0.00001
36127,Real,338480,7.08203,46,0.00001,151,64,0
36131,Raw,466230,2.00000,0.00000
36779,Real,339480,7.07031,46,0.00001,151,64,0
36781,[RCNone 1|1]
37429,Raw,467730,12.00000,0.00006
38079,Real,340480,7.07422,46,0.00001,151,64,0
38081,Raw,468230,2.00000,0.00000
38729,Raw,468730,10.00000,0.00000
39381,Real,341480,7.09766,46,0.00001,151,64,0
39382,[RCNone 1|1]
40031,Real,342480,7.08984,46,0.00001,151,64,0
40033,Raw,470230,8.00000,0.00000
40681,Raw,470730,6.00000,0.00000
41331,Real,343480,7.07812,46,0.00001,151,64,0
41333,[RCNone 1|1]
41981,Real,344480,7.07812,46,0.00001,152,64,0
41985,Raw,472230,0.00000,0.00000
42635,Raw,472730,10.00000,0.00000
43285,Real,345480,7.09375,46,0.00001,152,64,0
43286,[RCNone 1|1]
43935,Real,346480,7.07031,46,0.00001,153,64,0
43937,Raw,474230,4.00000,0.00000
44585,Raw,474730,6.00000,0.00000
45235,Real,347480,7.05469,46,0.00001,154,64,0
45237,Raw,475230,8.00000,0.00000
45885,Real,348480,7.05859,46,0.00001,154,64,0
45887,[RCNone 1|1]
46537,Raw,476730,6.00000,0.00000
47187,Real,349480,7.06641,46,0.00001,153,64,0
47190,Raw,477230,10.00000,0.00005
47839,Real,350480,7.08594,46,0.00001,153,64,0
47841,[RCNone 1|1]
48489,Raw,478730,8.00000,0.00001
49139,Real,351480,7.10156,46,0.00001,153,64,0
49141,Raw,479230,8.00000,0.00000
