8303,Real,398480,7.46875,45,0.00001,159,64,0
8303,[RCNone 1|1]
8303,Dose,432980,719,7.48958,0.00001,253,4096
8304,Rare,526300,412027,0.00232,4928,9436,64
8967,Real,399480,7.45703,45,0.00001,159,64,0
8969,[RCNone 1|1]
9626,Raw,527730,20.00000,0.00002
10284,Real,400480,7.48828,45,0.00001,159,64,0
10286,[RCNone 1|1]
10943,Real,401480,7.51172,44,0.00001,158,64,0
10945,Raw,529230,10.00000,0.00000
11603,Raw,529730,14.00000,0.00001
12262,Real,402480,7.51562,44,0.00001,158,64,0
12263,[RCNone 1|1]
12920,Real,403480,7.50000,44,0.00001,158,64,0
12924,Raw,531230,8.00000,0.00000
13581,Raw,531730,10.00000,0.00003
14239,Real,404480,7.50781,44,0.00001,158,64,0
14241,[RCNone 1|1]
14898,Real,405480,7.48438,45,0.00001,158,64,0
14900,Raw,533230,2.00000,0.00000
15558,Raw,533730,10.00000,0.00001
16217,Real,406480,7.50781,44,0.00001,158,64,0
16219,Raw,534230,10.00000,0.00000
16876,Real,407480,7.51953,44,0.00001,158,64,0
16877,[RCNone 1|1]
17534,Raw,535730,2.00000,0.00000
18193,Real,408480,7.51562,44,0.00001,158,64,0
18195,Raw,536230,10.00000,0.00001
18853,Real,409480,7.48828,45,0.00001,158,64,0
18855,[RCNone 1|1]
19514,Raw,537730,2.00000,0.00000
20172,Real,410480,7.48828,45,0.00001,158,64,0
20174,Raw,538230,10.00000,0.00000
20831,Real,411480,7.48828,45,0.00001,159,64,0
20832,[RCNone 1|1]
21489,Raw,539730,12.00000,0.00001
22148,Real,412480,7.49609,44,0.00001,158,64,0
22150,Raw,540230,10.00000,0.00000
22807,Real,413480,7.49609,44,0.00001,158,64,0
22808,[RCNone 1|1]
23467,Raw,541730,6.00000,0.00000
24125,Real,414480,7.48828,45,0.00001,158,64,0
24129,Raw,542230,4.00000,0.00000
24786,Real,415480,7.50000,44,0.00001,158,64,0
24787,[RCNone 1|1]
25444,Raw,543730,4.00000,0.00000
26103,Real,416480,7.47266,45,0.00001,158,64,0
26105,Raw,544230,0.00000,0.00000
26762,Real,417480,7.48047,45,0.00001,158,64,0
26763,[RCNone 1|1]
27422,Raw,545730,4.00000,0.00000
28081,Real,418480,7.49609,44,0.00001,157,64,0
28082,Raw,546230,16.00000,0.00002
28739,Real,419480,7.48438,45,0.00001,157,64,0
28741,[RCNone 1|1]
29398,Raw,547730,8.00000,0.00000
30056,Real,420480,7.48828,45,0.00001,158,64,0
30060,Raw,548230,10.00000,0.00000
a0: 4.289401, a1: 2.361994, a2: 0.000410, ts: 16691
Spectrum: 521, 793, 1065, 1169, 1218, 1196, 1186, 1131, 1159, 1211, 1276, 1260, 1348, 1333, 1475, 1486, 1571, 1682, 1759, 1867, 2009, 2212, 2338, 2555, 2824, 3007, 3217, 3422, 3655, 3903, 4043, 4148, 4215, 4365, 4412, 4573, 4586, 4670, 4748, 4396, 4212, 4017, 3722, 3524, 3317, 3128, 2947, 2793, 2644, 2433, 2453, 2312, 2243, 2195, 2281, 2189, 2161, 2124, 2086, 2104, 2029, 1926, 2003, 1891, 1780, 1774, 1843, 1774, 1768, 1655, 1641, 1637, 1596, 1633, 1550, 1496, 1512, 1378, 1353, 1285, 1188, 1199, 1212, 1161, 1112, 1084, 1087, 1084, 1104, 1134, 1081, 1055, 1081, 1040, 1008, 964, 997, 929, 901, 922, 831, 916, 786, 786, 768, 820, 766, 850, 815, 795, 794, 775, 793, 833, 828, 810, 793, 758, 746, 716, 624, 652, 673, 635, 640, 625, 617, 632, 636, 647, 677, 755, 752, 755, 730, 763, 757, 757, 698, 657, 665, 617, 561, 528, 499, 515, 444, 421, 418, 360, 375, 319, 322, 258, 281, 293, 283, 264, 221, 224, 203, 230, 226, 230, 191, 172, 185, 182, 184, 181, 171, 174, 177, 167, 162, 155, 165, 155, 166, 143, 156, 149, 162, 146, 143, 134, 135, 141, 129, 140, 117, 149, 140, 129, 127, 121, 142, 136, 121, 135, 145, 120, 105, 128, 99, 131, 115, 138, 115, 118, 134, 137, 136, 148, 148, 160, 156, 171, 145, 172, 153, 181, 219, 207, 196, 227, 232, 221, 239, 248, 232, 241, 236, 263, 228, 209, 230, 221, 210, 221, 208, 202, 192, 178, 156, 152, 137, 132, 120, 125, 115, 113, 113, 102, 106, 102, 97, 85, 92, 81, 72, 85, 83, 88, 79, 89, 68, 85, 68, 78, 67, 82, 83, 65, 77, 88, 81, 76, 67, 80, 60, 70, 65, 71, 83, 83, 91, 96, 87, 100, 63, 74, 89, 97, 84, 68, 76, 66, 99, 76, 76, 80, 76, 71, 64, 68, 67, 59, 59, 63, 68, 63, 66, 63, 61, 68, 71, 64, 70, 70, 75, 68, 53, 71, 71, 57, 59, 54, 63, 77, 49, 56, 52, 48, 45, 54, 72, 58, 55, 53, 72, 43, 49, 43, 68, 57, 55, 51, 55, 51, 50, 38, 47, 53, 39, 54, 46, 43, 55, 46, 43, 47, 39, 41, 46, 47, 50, 51, 47, 44, 56, 45, 44, 42, 39, 45, 44, 50, 36, 44, 49, 51, 46, 37, 43, 41, 27, 37, 45, 53, 37, 34, 40, 38, 40, 35, 45, 42, 29, 41, 50, 45, 43, 48, 46, 57, 46, 48, 52, 53, 49, 58, 50, 60, 55, 56, 48, 46, 55, 52, 51, 33, 40, 46, 39, 50, 45, 38, 41, 35, 40, 39, 55, 31, 33, 44, 34, 40, 38, 32, 30, 38, 26, 31, 33, 27, 40, 36, 28, 31, 37, 24, 26, 41, 43, 25, 28, 23, 23, 41, 28, 29, 45, 22, 43, 30, 16, 29, 38, 32, 35, 31, 25, 26, 28, 26, 25, 18, 25, 23, 24, 28, 27, 25, 24, 35, 18, 29, 22, 19, 26, 19, 17, 25, 27, 29, 29, 19, 24, 27, 25, 30, 25, 17, 22, 21, 23, 21, 17, 20, 17, 18, 21, 20, 31, 22, 27, 30, 22, 18, 28, 27, 36, 20, 23, 11, 27, 27, 16, 25, 22, 24, 30, 23, 17, 22, 21, 17, 25, 17, 19, 14, 23, 21, 23, 16, 29, 17, 23, 19, 25, 12, 23, 20, 14, 22, 13, 24, 19, 17, 11, 14, 13, 10, 11, 10, 14, 14, 11, 15, 5, 16, 8, 6, 14, 12, 8, 15, 7, 11, 5, 11, 8, 7, 8, 13, 10, 8, 12, 6, 6, 5, 13, 9, 7, 9, 9, 8, 10, 13, 8, 7, 8, 6, 13, 8, 8, 8, 11, 9, 4, 5, 4, 12, 8, 11, 15, 9, 7, 12, 7, 14, 12, 6, 13, 16, 9, 12, 7, 16, 14, 12, 11, 13, 15, 7, 8, 8, 5, 6, 15, 5, 10, 13, 14, 9, 10, 12, 5, 10, 11, 12, 6, 6, 9, 12, 6, 9, 4, 13, 1, 10, 6, 9, 10, 10, 11, 7, 13, 6, 11, 6, 13, 8, 1, 1, 13, 5, 5, 2, 5, 4, 3, 3, 6, 5, 9, 3, 3, 1, 5, 1, 5, 3, 3, 7, 2, 2, 3, 2, 1, 3, 1, 1, 0, 5, 12, 3, 2, 2, 2, 7, 1, 3, 6, 3, 2, 1, 1, 2, 1, 4, 3, 2, 0, 5, 3, 5, 0, 2, 2, 3, 3, 1, 1, 4, 3, 2, 1, 4, 0, 2, 3, 1, 1, 5, 1, 1, 1, 3, 3, 2, 2, 3, 3, 5, 2, 9, 1, 3, 3, 1, 3, 6, 5, 3, 2, 5, 3, 0, 2, 1, 6, 2, 2, 4, 3, 0, 2, 3, 1, 4, 5, 0, 3, 2, 1, 3, 3, 3, 3, 2, 1, 0, 2, 1, 1, 3, 0, 2, 2, 3, 0, 0, 2, 2, 2, 0, 0, 1, 1, 2, 1, 0, 2, 0, 2, 1, 2, 0, 4, 0, 0, 1, 1, 1, 1, 1, 1, 2, 0, 0, 0, 1, 2, 1, 3, 1, 4, 1, 2, 0, 0, 0, 2, 2, 1, 1, 6, 2, 1, 0, 0, 0, 0, 1, 0, 0, 0, 0, 0, 0, 0, 1, 0, 0, 2, 0, 1, 4, 0, 0, 2, 0, 2, 1, 3, 1, 0, 0, 2, 1, 0, 1, 1, 1, 0, 0, 1, 0, 0, 1, 0, 0, 1, 2, 0, 0, 1, 0, 1, 2, 0, 0, 0, 0, 0, 1, 0, 0, 1, 1, 0, 0, 0, 0, 0, 2, 1, 1, 0, 0, 0, 0, 1, 0, 0, 0, 0, 1, 0, 0, 1, 0, 1, 1, 0, 1, 1, 1, 0, 0, 0, 0, 2, 0, 0, 1, 2, 0, 1, 1, 0, 0, 2, 1, 0, 1, 1, 1, 0, 1, 1, 0, 0, 0, 0, 0, 0, 0, 0, 1, 1, 0, 0, 0, 0, 0, 1, 0, 0, 1, 0, 0, 0, 0, 1, 0, 0, 0, 0, 0, 1, 1, 0, 0, 0, 0, 0, 0, 0, 0, 2, 0, 2, 1, 0, 0, 0, 0, 0, 0, 1, 1, 1, 1, 0, 0, 1, 0, 0, 0, 0, 425, 
31199,Real,421480,7.49219,45,0.00001,158,64,0
31200,[RCNone 1|1]
31859,Real,422480,7.46094,45,0.00001,158,64,0
31861,[RCNone 1|1]
32517,Raw,550730,4.00000,0.00000
33176,Real,423480,7.44922,45,0.00001,158,64,0
33178,Raw,551230,8.00000,0.00000
33834,Real,424480,7.48047,45,0.00001,158,64,0
33836,[RCNone 1|1]
34493,Raw,552730,6.00000,0.00000
35151,Real,425480,7.49609,44,0.00001,158,64,0
35153,Raw,553230,8.00000,0.00002
35811,Real,426480,7.53125,44,0.00001,158,64,0
35815,[RCNone 1|1]
36472,Raw,554730,6.00000,0.00000
37130,Real,427480,7.52734,44,0.00001,157,64,0
37132,Raw,555230,8.00000,0.00005
37789,Real,428480,7.52734,44,0.00001,157,64,0
37790,[RCNone 1|1]
38447,Raw,556730,6.00000,0.00000
39105,Real,429480,7.53906,44,0.00001,157,64,0
39107,Raw,557230,16.00000,0.00001
39766,Real,430480,7.51172,44,0.00001,157,64,0
39768,[RCNone 1|1]
40424,Raw,558730,12.00000,0.00000
41083,Real,431480,7.53125,44,0.00001,157,64,0
41084,Raw,559230,14.00000,0.00001
41741,Real,432480,7.54297,44,0.00001,158,64,0
41742,[RCNone 1|1]
42399,Raw,560730,6.00000,0.00000
43058,Real,433480,7.53125,44,0.00001,158,64,0
43060,Raw,561230,2.00000,0.00000
43717,Raw,561730,2.00000,0.00000
44375,Real,434480,7.52734,44,0.00001,158,64,0
44377,[RCNone 1|1]
45034,Real,435480,7.51953,44,0.00001,157,64,0
45036,Raw,563230,6.00000,0.00002
45692,Raw,563730,8.00000,0.00000
46351,Real,436480,7.51562,44,0.00001,158,64,0
46352,[RCNone 1|1]
47011,Real,437480,7.52734,44,0.00001,158,64,0
47013,Raw,565230,8.00000,0.00000
47671,Raw,565730,12.00000,0.00002
48330,Real,438480,7.53516,44,0.00001,158,64,0
48332,[RCNone 1|1]
48988,Real,439480,7.54688,44,0.00001,157,64,0
48990,Raw,567230,10.00000,0.00000
49647,Raw,567730,4.00000,0.00000
50306,Real,440480,7.54297,44,0.00001,158,64,0
50307,[RCNone 1|1]
50966,Real,441480,7.55859,44,0.00001,158,64,0
50968,Raw,569230,12.00000,0.00000
51625,Raw,569730,2.00000,0.00000
52283,Real,442480,7.57812,44,0.00001,157,64,0
52285,[RCNone 1|1]
52942,Real,443480,7.57422,44,0.00001,157,64,0
52946,Raw,571230,8.00000,0.00003
53603,Raw,571730,6.00000,0.00000
54261,Real,444480,7.58984,44,0.00001,158,64,0
54263,[RCNone 1|1]
54921,Real,445480,7.61719,44,0.00001,157,64,0
54923,Raw,573230,10.00000,0.00004
55580,Raw,573730,4.00000,0.00000
56239,Real,446480,7.58203,44,0.00001,157,64,0
56241,[RCNone 1|1]
56898,Real,447480,7.60547,44,0.00001,157,64,0
56899,Raw,575230,10.00000,0.00000
57556,Raw,575730,10.00000,0.00000
58215,Real,448480,7.59766,44,0.00001,157,64,0
58217,Raw,576230,2.00000,0.00000
58875,Real,449480,7.59375,44,0.00001,156,64,0
58879,[RCNone 1|1]
59536,Raw,577730,12.00000,0.00000
60194,Real,450480,7.58984,44,0.00001,157,64,0
60196,Raw,578230,4.00000,0.00000
a0: 4.289401, a1: 2.361994, a2: 0.000410, ts: 16721
Spectrum: 521, 794, 1066, 1170, 1218, 1197, 1188, 1132, 1160, 1211, 1276, 1263, 1348, 1334, 1477, 1487, 1573, 1684, 1760, 1869, 2011, 2218, 2344, 2557, 2826, 3010, 3224, 3427, 3657, 3905, 4047, 4151, 4216, 4366, 4413, 4578, 4592, 4673, 4756, 4400, 4215, 4020, 3725, 3528, 3318, 3130, 2950, 2794, 2646, 2437, 2458, 2314, 2247, 2196, 2284, 2193, 2165, 2126, 2090, 2109, 2031, 1930, 2007, 1892, 1780, 1775, 1845, 1776, 1771, 1657, 1644, 1639, 1598, 1635, 1552, 1498, 1512, 1380, 1354, 1286, 1190, 1200, 1214, 1162, 1112, 1084, 1088, 1086, 1105, 1135, 1081, 1055, 1081, 1041, 1009, 965, 999, 929, 901, 922, 833, 919, 787, 788, 768, 821, 766, 851, 815, 795, 794, 775, 793, 833, 829, 810, 794, 759, 746, 716, 624, 652, 673, 637, 640, 625, 618, 632, 636, 647, 678, 755, 752, 755, 730, 763, 758, 757, 698, 657, 665, 617, 561, 528, 499, 515, 444, 421, 419, 361, 375, 319, 322, 258, 281, 293, 283, 264, 221, 224, 203, 230, 226, 230, 191, 172, 186, 182, 184, 181, 171, 174, 177, 167, 162, 155, 165, 155, 166, 143, 156, 149, 162, 146, 143, 134, 135, 142, 129, 140, 117, 149, 140, 129, 127, 122, 142, 136, 121, 135, 145, 120, 105, 128, 99, 132, 115, 138, 115, 118, 134, 137, 136, 148, 148, 160, 156, 171, 145, 173, 153, 182, 219, 207, 196, 227, 232, 221, 239, 249, 232, 241, 236, 263, 228, 209, 230, 221, 210, 221, 208, 202, 193, 178, 156, 152, 137, 132, 120, 125, 115, 113, 113, 102, 106, 102, 98, 85, 92, 81, 72, 85, 83, 88, 79, 89, 68, 85, 68, 78, 67, 82, 83, 65, 77, 88, 81, 76, 67, 80, 60, 70, 65, 71, 83, 83, 91, 96, 87, 100, 63, 74, 89, 97, 84, 68, 76, 66, 99, 76, 76, 80, 76, 71, 64, 68, 67, 59, 59, 63, 68, 63, 66, 63, 61, 68, 71, 64, 70, 70, 75, 68, 53, 71, 71, 57, 59, 54, 63, 77, 49, 56, 52, 48, 45, 54, 72, 58, 55, 53, 72, 43, 49, 43, 68, 57, 55, 51, 55, 51, 50, 38, 48, 53, 39, 54, 46, 43, 56, 46, 43, 47, 39, 41, 46, 47, 50, 51, 47, 44, 56, 45, 44, 42, 39, 45, 44, 50, 36, 44, 49, 51, 46, 37, 43, 41, 27, 37, 45, 53, 37, 34, 40, 38, 40, 35, 45, 42, 29, 41, 50, 45, 43, 48, 46, 57, 46, 48, 52, 53, 49, 58, 50, 60, 55, 56, 48, 46, 55, 52, 51, 33, 40, 46, 39, 50, 45, 38, 41, 35, 40, 39, 55, 31, 33, 44, 34, 40, 38, 32, 30, 38, 26, 31, 33, 27, 40, 36, 28, 31, 37, 24, 26, 41, 43, 25, 28, 23, 23, 41, 28, 29, 45, 22, 43, 30, 16, 29, 38, 32, 35, 31, 25, 26, 28, 26, 25, 18, 25, 23, 24, 28, 27, 25, 24, 35, 18, 29, 22, 20, 26, 19, 17, 25, 27, 29, 29, 19, 24, 27, 25, 30, 25, 17, 22, 21, 23, 21, 17, 20, 17, 18, 21, 20, 31, 22, 27, 30, 22, 18, 28, 27, 36, 20, 23, 11, 27, 27, 16, 25, 22, 24, 30, 23, 17, 22, 21, 17, 25, 17, 19, 14, 23, 21, 23, 16, 29, 17, 23, 19, 25, 12, 23, 20, 14, 22, 13, 24, 19, 17, 11, 14, 13, 10, 11, 10, 14, 14, 11, 15, 5, 16, 8, 6, 14, 12, 8, 15, 7, 11, 5, 11, 8, 7, 8, 13, 10, 8, 12, 7, 6, 5, 13, 9, 7, 9, 9, 8, 10, 13, 8, 7, 8, 6, 13, 8, 8, 8, 11, 9, 4, 5, 4, 12, 8, 11, 15, 9, 7, 12, 7, 14, 12, 6, 13, 16, 9, 12, 7, 16, 14, 12, 11, 13, 15, 7, 8, 8, 5, 6, 15, 5, 10, 13, 14, 9, 10, 12, 5, 10, 11, 12, 6, 6, 9, 12, 6, 9, 4, 13, 1, 10, 6, 9, 10, 10, 11, 7, 13, 6, 11, 6, 13, 8, 1, 1, 13, 5, 5, 2, 5, 4, 3, 3, 6, 5, 9, 3, 3, 1, 5, 1, 5, 3, 3, 7, 2, 2, 3, 2, 1, 3, 1, 1, 0, 5, 12, 3, 2, 2, 2, 7, 1, 3, 6, 3, 2, 1, 1, 2, 1, 4, 3, 2, 0, 5, 3, 5, 0, 2, 2, 3, 3, 1, 1, 4, 3, 2, 1, 4, 0, 2, 3, 1, 1, 5, 1, 1, 1, 3, 3, 2, 2, 3, 3, 5, 2, 9, 1, 3, 3, 1, 3, 6, 5, 3, 2, 5, 3, 0, 2, 1, 6, 2, 2, 4, 3, 0, 2, 3, 1, 4, 5, 0, 3, 2, 1, 3, 3, 3, 3, 2, 1, 0, 2, 1, 1, 3, 0, 2, 2, 3, 0, 0, 2, 2, 2, 0, 0, 1, 1, 2, 1, 0, 2, 0, 2, 1, 2, 0, 4, 0, 0, 1, 1, 1, 1, 1, 1, 2, 0, 0, 1, 1, 2, 1, 3, 1, 4, 1, 2, 0, 0, 0, 2, 2, 1, 1, 6, 2, 1, 0, 0, 0, 0, 1, 0, 0, 0, 0, 0, 0, 0, 1, 0, 0, 2, 0, 1, 4, 0, 0, 2, 0, 2, 1, 3, 1, 0, 0, 2, 1, 0, 1, 1, 1, 0, 0, 1, 0, 0, 1, 0, 0, 1, 2, 0, 0, 1, 0, 1, 2, 0, 0, 0, 0, 0, 1, 0, 0, 1, 1, 0, 0, 0, 0, 0, 2, 1, 1, 0, 0, 0, 0, 1, 0, 0, 0, 0, 1, 0, 0, 1, 0, 1, 1, 0, 1, 1, 1, 0, 0, 0, 0, 2, 0, 0, 1, 2, 0, 1, 1, 0, 0, 2, 1, 0, 1, 1, 1, 0, 1, 1, 0, 0, 0, 0, 0, 0, 0, 0, 1, 1, 0, 0, 0, 0, 0, 1, 0, 0, 1, 0, 0, 0, 0, 1, 0, 0, 0, 0, 0, 1, 1, 0, 0, 0, 0, 0, 0, 0, 0, 2, 0, 2, 1, 0, 0, 0, 0, 0, 0, 1, 1, 1, 1, 0, 0, 1, 0, 0, 0, 0, 425, 
61338,Real,451480,7.58594,44,0.00001,157,64,0
61340,[RCNone 1|1]
61997,Real,452480,7.56250,44,0.00001,157,64,0
61998,Raw,580230,6.00000,0.00000
62656,Raw,580730,2.00000,0.00000
63316,Real,453480,7.56641,44,0.00001,156,64,0
63318,[RCNone 1|1]
63974,Real,454480,7.55859,44,0.00001,156,64,0
63976,Raw,582230,10.00000,0.00000
64633,Raw,582730,4.00000,0.00000
65293,Real,455480,7.57422,44,0.00001,155,64,0
65295,[RCNone 1|1]
65951,Real,456480,7.56250,44,0.00001,155,64,0
65953,Raw,584230,2.00000,0.00000
66610,Raw,584730,8.00000,0.00000
67270,Real,457480,7.57031,44,0.00001,155,64,0
67272,[RCNone 1|1]
67929,Real,458480,7.55078,44,0.00001,155,64,0
67931,Raw,586230,6.00000,0.00002
68588,Raw,586730,10.00000,0.00000
69246,Real,459480,7.55078,44,0.00001,155,64,0
69248,[RCNone 1|1]
69905,Real,460480,7.53906,44,0.00001,155,64,0
69907,Raw,588230,4.00000,0.00000
70565,Raw,588730,4.00000,0.00000
71225,Real,461480,7.51172,44,0.00001,155,64,0
71227,Raw,589230,2.00000,0.00000
71884,Real,462480,7.52734,44,0.00001,154,64,0
71886,[RCNone 1|1]
72543,Raw,590730,4.00000,0.00000
73201,Real,463480,7.52344,44,0.00001,154,64,0
73203,Raw,591230,10.00000,0.00001
73860,Real,464480,7.53516,44,0.00001,154,64,0
73862,[RCNone 1|1]
74519,Raw,592730,2.00000,0.00000
75179,Real,465480,7.50000,44,0.00001,155,64,0
75181,Raw,593230,6.00000,0.00000
75838,Real,466480,7.48047,45,0.00001,155,64,0
75841,[RCNone 1|1]
76498,Raw,594730,14.00000,0.00000
77157,Real,467480,7.50000,44,0.00001,155,64,0
77159,Raw,595230,8.00000,0.00000
77816,Real,468480,7.51953,44,0.00001,156,64,0
77817,[RCNone 1|1]
78476,Raw,596730,4.00000,0.00000
79134,Real,469480,7.52734,44,0.00001,156,64,0
79136,Raw,597230,8.00000,0.00000
79793,Real,470480,7.52734,44,0.00001,156,64,0
79795,[RCNone 1|1]
80452,Raw,598730,14.00000,0.00002
81110,Real,471480,7.55469,44,0.00001,156,64,0
81112,Raw,599230,6.00000,0.00000
81769,Real,472480,7.56250,44,0.00001,156,64,0
81772,[RCNone 1|1]
82431,Raw,600730,6.00000,0.00000
83089,Real,473480,7.55078,44,0.00001,156,64,0
83090,Raw,601230,6.00000,0.00000
83747,Real,474480,7.57031,44,0.00001,155,64,0
83749,[RCNone 1|1]
84406,Raw,602730,4.00000,0.00004
85064,Real,475480,7.53906,44,0.00001,155,64,0
85066,Raw,603230,4.00000,0.00000
85066,Rare,603370,412104,0.00232,4919,9436,4160
85723,Raw,603730,6.00000,0.00003
86383,Real,476480,7.52734,44,0.00001,155,64,0
86385,[RCNone 1|1]
87042,Real,477480,7.50781,44,0.00001,155,64,0
87046,Raw,605230,8.00000,0.00001
87706,Raw,605730,6.00000,0.00001
88364,Real,478480,7.51953,44,0.00001,154,64,0
88366,[RCNone 1|1]
89022,Real,479480,7.53516,44,0.00001,154,64,0
89024,Raw,607230,10.00000,0.00000
89681,Raw,607730,8.00000,0.00001
90341,Real,480480,7.53906,44,0.00001,154,64,0
90343,[RCNone 1|1]
90343,Dose,528980,739,7.69792,0.00001,251,4096
a0: 4.289401, a1: 2.361994, a2: 0.000410, ts: 16751
Spectrum: 521, 794, 1066, 1170, 1218, 1198, 1188, 1133, 1161, 1212, 1276, 1264, 1350, 1337, 1478, 1489, 1574, 1686, 1762, 1873, 2014, 2222, 2346, 2557, 2829, 3015, 3224, 3431, 3662, 3908, 4049, 4154, 4221, 4368, 4416, 4585, 4593, 4677, 4758, 4401, 4216, 4025, 3728, 3530, 3324, 3130, 2951, 2799, 2647, 2444, 2459, 2316, 2248, 2200, 2286, 2196, 2168, 2127, 2091, 2111, 2035, 1931, 2008, 1897, 1781, 1778, 1848, 1779, 1772, 1658, 1648, 1640, 1600, 1636, 1552, 1501, 1512, 1381, 1355, 1289, 1190, 1201, 1215, 1163, 1113, 1086, 1088, 1087, 1106, 1135, 1084, 1057, 1081, 1041, 1009, 966, 999, 929, 901, 922, 834, 919, 787, 788, 768, 821, 767, 851, 816, 796, 794, 775, 793, 834, 829, 810, 794, 759, 746, 716, 624, 652, 673, 637, 640, 625, 619, 632, 636, 648, 678, 755, 752, 755, 730, 763, 759, 757, 698, 657, 665, 617, 561, 528, 499, 515, 444, 422, 419, 361, 375, 320, 322, 258, 281, 293, 283, 264, 221, 225, 203, 231, 226, 230, 191, 172, 186, 182, 184, 181, 172, 174, 178, 167, 162, 156, 165, 155, 166, 143, 157, 149, 162, 146, 143, 135, 135, 142, 129, 140, 117, 149, 141, 129, 127, 123, 142, 136, 121, 135, 147, 120, 106, 128, 99, 132, 115, 138, 115, 118, 135, 137, 136, 148, 148, 160, 156, 171, 145, 173, 153, 182, 219, 207, 197, 227, 232, 221, 239, 249, 232, 241, 236, 263, 228, 209, 230, 221, 210, 221, 208, 202, 193, 178, 156, 152, 137, 132, 120, 125, 115, 113, 113, 102, 106, 102, 98, 85, 92, 81, 72, 85, 83, 88, 79, 89, 68, 85, 68, 78, 67, 82, 83, 65, 77, 88, 81, 76, 67, 80, 60, 70, 65, 71, 83, 83, 91, 96, 87, 100, 63, 74, 89, 97, 84, 68, 76, 66, 100, 76, 76, 80, 76, 71, 64, 68, 67, 59, 59, 63, 69, 64, 66, 63, 61, 68, 71, 64, 70, 70, 75, 68, 53, 71, 71, 57, 59, 54, 63, 77, 49, 56, 52, 48, 45, 54, 72, 58, 55, 53, 72, 43, 49, 43, 69, 57, 55, 51, 55, 51, 50, 38, 48, 53, 39, 54, 46, 43, 56, 46, 43, 47, 39, 41, 46, 47, 50, 51, 47, 44, 56, 45, 45, 42, 39, 45, 44, 50, 36, 44, 49, 51, 46, 37, 43, 41, 27, 37, 45, 53, 37, 34, 40, 38, 40, 35, 45, 42, 29, 41, 50, 45, 43, 48, 46, 57, 46, 48, 52, 53, 49, 58, 50, 60, 55, 56, 48, 46, 55, 52, 51, 33, 40, 46, 39, 50, 45, 38, 41, 35, 40, 39, 55, 31, 33, 44, 34, 40, 38, 32, 30, 38, 26, 31, 33, 27, 40, 36, 28, 31, 37, 24, 26, 41, 43, 25, 28, 23, 23, 41, 28, 29, 45, 22, 43, 30, 16, 29, 38, 32, 35, 31, 25, 26, 28, 26, 25, 18, 25, 23, 24, 28, 27, 25, 24, 35, 18, 29, 22, 20, 26, 19, 17, 25, 27, 29, 29, 19, 24, 27, 25, 30, 25, 17, 22, 21, 23, 21, 17, 20, 17, 18, 21, 20, 31, 22, 27, 30, 22, 18, 28, 27, 36, 20, 23, 11, 27, 27, 16, 25, 22, 24, 30, 23, 17, 22, 21, 17, 25, 17, 19, 14, 23, 21, 23, 16, 29, 17, 23, 19, 25, 12, 23, 20, 14, 22, 13, 24, 19, 17, 11, 14, 13, 10, 11, 10, 14, 14, 11, 15, 5, 16, 8, 6, 14, 12, 8, 15, 7, 11, 5, 11, 8, 7, 8, 13, 10, 8, 12, 7, 6, 5, 13, 9, 7, 9, 9, 8, 10, 13, 8, 7, 8, 6, 13, 8, 8, 8, 11, 9, 4, 5, 4, 12, 8, 11, 15, 9, 7, 12, 7, 14, 12, 6, 13, 16, 9, 12, 7, 16, 14, 12, 11, 13, 15, 7, 8, 8, 5, 6, 15, 5, 10, 13, 14, 9, 10, 12, 5, 10, 11, 12, 6, 6, 9, 12, 6, 9, 4, 13, 1, 10, 6, 9, 10, 10, 11, 7, 13, 6, 11, 6, 13, 8, 1, 1, 13, 5, 5, 2, 5, 4, 3, 3, 6, 5, 9, 3, 3, 1, 5, 1, 5, 3, 3, 7, 2, 2, 3, 2, 1, 3, 1, 1, 0, 5, 12, 3, 2, 2, 2, 7, 1, 3, 6, 3, 2, 1, 1, 2, 1, 4, 3, 2, 0, 5, 3, 5, 0, 2, 2, 3, 3, 1, 1, 4, 3, 2, 1, 4, 0, 2, 3, 1, 1, 5, 1, 1, 1, 3, 3, 2, 2, 3, 3, 5, 2, 9, 1, 3, 3, 1, 3, 6, 5, 3, 2, 5, 3, 0, 2, 1, 6, 2, 2, 4, 3, 0, 2, 3, 1, 4, 5, 0, 3, 2, 1, 3, 3, 3, 3, 2, 1, 0, 2, 1, 1, 3, 0, 2, 2, 3, 0, 0, 2, 2, 2, 0, 0, 1, 1, 2, 1, 0, 2, 0, 2, 1, 2, 0, 4, 0, 0, 1, 1, 1, 1, 1, 1, 2, 0, 0, 1, 1, 2, 1, 3, 1, 4, 1, 2, 0, 0, 0, 2, 2, 1, 1, 6, 2, 1, 0, 0, 0, 0, 1, 0, 0, 0, 0, 0, 0, 0, 1, 0, 0, 2, 0, 1, 4, 0, 0, 2, 0, 2, 1, 3, 1, 0, 0, 2, 1, 0, 1, 1, 1, 0, 0, 1, 0, 0, 1, 0, 0, 1, 2, 0, 0, 1, 0, 1, 2, 0, 0, 0, 0, 0, 1, 0, 0, 1, 1, 0, 0, 0, 0, 0, 2, 1, 1, 0, 0, 0, 0, 1, 0, 0, 0, 0, 1, 0, 0, 1, 0, 1, 1, 0, 1, 1, 1, 0, 0, 0, 0, 2, 0, 0, 1, 2, 0, 1, 1, 0, 0, 2, 1, 0, 1, 1, 1, 0, 1, 1, 0, 0, 0, 0, 0, 0, 0, 0, 1, 1, 0, 0, 0, 0, 0, 1, 0, 0, 1, 0, 0, 0, 0, 1, 0, 0, 0, 0, 0, 1, 1, 0, 0, 0, 0, 0, 0, 0, 0, 2, 0, 2, 1, 0, 0, 0, 0, 0, 0, 1, 1, 1, 1, 0, 0, 1, 0, 0, 0, 0, 425, 
91477,Real,481480,7.54297,44,0.00001,155,64,0
91479,[RCNone 1|1]
92135,Real,482480,7.53516,44,0.00001,155,64,0
92137,Raw,610230,0.00000,0.00000
92796,Real,483480,7.54688,44,0.00001,155,64,0
92798,[RCNone 1|1]
93454,Raw,611730,0.00000,0.00000
94113,Real,484480,7.53516,44,0.00001,155,64,0
94114,Raw,612230,6.00000,0.00000
94773,Real,485480,7.53125,44,0.00001,156,64,0
94775,[RCNone 1|1]
95431,Raw,613730,10.00000,0.00002
96090,Real,486480,7.53125,44,0.00001,155,64,0
96092,Raw,614230,12.00000,0.00002
96749,Real,487480,7.50781,44,0.00001,156,64,0
96750,[RCNone 1|1]
97407,Raw,615730,8.00000,0.00001
98066,Real,488480,7.50391,44,0.00001,157,64,0
98075,Raw,616230,6.00000,0.00000
98734,Raw,616730,14.00000,0.00001
