8642,Eve,803760,3,0,64
8643,Real,808730,7.27811,45,0.00001,150,64,0
8643,[RCNone 1|1]
8643,[RCNone 1|1]
9359,Real,809230,7.27308,45,0.00001,150,64,0
9361,[RCNone 1|1]
9361,Rare,663370,412164,0.00232,4906,9436,4160
9361,Dose,624980,685,7.13542,0.00001,242,4096
9362,Rare,723370,412224,0.00232,4896,9436,4160
9362,Dose,720980,726,7.56250,0.00001,229,4096
9362,Rare,843370,412344,0.00232,4884,9436,4160
9363,Dose,816980,691,7.19792,0.00001,240,4096
9363,Rare,935910,412436,0.00232,4884,9422,64
10031,Real,809730,7.26419,45,0.00001,150,64,0
10034,[RCNone 1|1]
