8369,Real,64980,6.94488,66,0.00001,218,64,0
8370,[RCNone 1|1]
8370,[RCNone 1|3]
9041,Real,65480,6.93750,66,0.00001,221,64,0
9043,[RCNone 1|1]
9043,[RCNone 1|2]
9701,Raw,129730,2.00000,0.00000
10359,Real,65980,6.90698,66,0.00001,220,64,0
10361,Raw,130230,4.00000,0.00000
11008,Real,66480,6.93077,65,0.00001,219,64,0
11009,[RCNone 1|1]
11668,Raw,131730,10.00000,0.00000
12327,Real,66980,6.95420,65,0.00001,218,64,0
12329,Raw,132230,10.00000,0.00001
12976,Real,67480,7.00000,64,0.00001,218,64,0
12977,[RCNone 1|1]
13634,Raw,133730,10.00000,0.00000
14284,Real,67980,7.00752,64,0.00001,217,64,0
14286,Raw,134230,6.00000,0.00000
14943,Real,68480,7.00000,64,0.00001,217,64,0
14945,[RCNone 1|1]
15604,Raw,135730,8.00000,0.00000
16252,Real,68980,6.99259,64,0.00001,216,64,0
16254,Raw,136230,4.00000,0.00001
16911,Real,69480,6.97059,64,0.00001,216,64,0
16913,[RCNone 1|1]
17570,Raw,137730,10.00000,0.00001
18219,Real,69980,6.97810,63,0.00001,215,64,0
18221,Raw,138230,6.00000,0.00000
18879,Raw,138730,2.00000,0.00000
19539,Real,70480,6.95652,63,0.00001,214,64,0
19543,[RCNone 1|1]
20189,Real,70980,6.94245,63,0.00001,214,64,0
20191,Raw,140230,0.00000,0.00000
20848,Raw,140730,6.00000,0.00000
21507,Real,71480,6.92857,63,0.00001,214,64,0
21509,[RCNone 1|1]
22155,Real,71980,6.95745,63,0.00001,213,64,0
22157,Raw,142230,14.00000,0.00000
22814,Raw,142730,2.00000,0.00000
23475,Real,72480,6.93662,62,0.00001,213,64,0
23476,[RCNone 1|1]
24123,Real,72980,6.92308,62,0.00001,212,64,0
24125,Raw,144230,6.00000,0.00000
24782,Raw,144730,4.00000,0.00000
25441,Real,73480,6.90972,62,0.00001,212,64,0
25444,[RCNone 1|1]
26091,Real,73980,6.90345,62,0.00001,212,64,0
26093,Raw,146230,8.00000,0.00001
26750,Raw,146730,6.00000,0.00000
27412,Real,74480,6.89726,62,0.00001,211,64,0
27414,[RCNone 1|1]
28060,Real,74980,6.92517,61,0.00001,210,64,0
28062,Raw,148230,6.00000,0.00001
28719,Raw,148730,4.00000,0.00001
29378,Real,75480,6.93243,61,0.00001,209,64,0
29380,Raw,149230,12.00000,0.00000
30027,Real,75980,6.92617,61,0.00001,209,64,0
30028,[RCNone 1|1]
a0: 4.289401, a1: 2.361994, a2: 0.000410, ts: 15807
Spectrum: 504, 780, 1050, 1152, 1189, 1174, 1154, 1100, 1135, 1177, 1246, 1234, 1314, 1293, 1432, 1453, 1541, 1640, 1709, 1806, 1956, 2142, 2275, 2475, 2737, 2910, 3138, 3337, 3561, 3788, 3930, 4031, 4120, 4249, 4305, 4460, 4483, 4548, 4635, 4286, 4111, 3918, 3624, 3424, 3221, 3036, 2849, 2708, 2552, 2334, 2374, 2241, 2176, 2113, 2193, 2119, 2083, 2053, 2022, 2026, 1965, 1858, 1955, 1845, 1727, 1724, 1793, 1731, 1725, 1602, 1604, 1589, 1555, 1598, 1515, 1469, 1475, 1343, 1312, 1250, 1156, 1168, 1187, 1130, 1084, 1055, 1054, 1055, 1085, 1106, 1055, 1031, 1059, 1025, 994, 938, 973, 911, 889, 903, 813, 905, 775, 772, 749, 801, 752, 838, 808, 780, 784, 756, 782, 827, 815, 799, 785, 749, 742, 709, 621, 641, 664, 624, 632, 613, 612, 619, 626, 638, 670, 747, 749, 746, 723, 756, 751, 749, 692, 647, 660, 612, 557, 526, 497, 510, 443, 418, 415, 353, 371, 317, 318, 256, 278, 286, 273, 262, 218, 221, 202, 228, 224, 226, 189, 170, 185, 179, 183, 181, 171, 172, 175, 163, 156, 153, 163, 150, 163, 141, 154, 147, 162, 145, 142, 130, 135, 139, 128, 138, 114, 146, 139, 128, 127, 117, 142, 135, 120, 135, 144, 119, 105, 128, 96, 131, 112, 136, 112, 117, 131, 136, 136, 146, 147, 156, 155, 167, 142, 171, 150, 180, 218, 205, 195, 227, 229, 220, 235, 248, 232, 241, 233, 259, 227, 209, 229, 219, 207, 221, 208, 199, 189, 173, 154, 151, 134, 131, 117, 124, 115, 113, 111, 101, 106, 102, 96, 84, 92, 81, 72, 84, 83, 86, 76, 88, 68, 84, 66, 75, 67, 80, 83, 65, 76, 88, 79, 75, 66, 80, 59, 69, 64, 71, 82, 81, 91, 96, 87, 100, 63, 73, 88, 96, 84, 67, 76, 65, 98, 76, 76, 80, 76, 71, 63, 67, 65, 59, 58, 62, 67, 63, 66, 63, 61, 67, 69, 64, 69, 68, 74, 67, 53, 70, 69, 57, 59, 53, 62, 75, 48, 54, 52, 48, 44, 51, 70, 57, 54, 52, 69, 42, 49, 42, 66, 55, 53, 50, 54, 51, 50, 38, 47, 51, 39, 53, 44, 43, 55, 45, 43, 46, 39, 41, 46, 47, 49, 50, 45, 40, 56, 45, 43, 42, 39, 44, 43, 50, 35, 43, 47, 50, 46, 36, 42, 40, 27, 37, 45, 53, 36, 33, 38, 37, 40, 34, 45, 42, 29, 41, 50, 45, 43, 48, 46, 57, 46, 47, 51, 53, 49, 58, 48, 60, 53, 56, 48, 46, 52, 51, 51, 33, 39, 46, 39, 47, 44, 38, 40, 35, 39, 39, 55, 31, 33, 44, 33, 39, 38, 32, 29, 38, 25, 30, 33, 26, 39, 35, 28, 31, 34, 23, 26, 39, 42, 24, 28, 23, 23, 39, 28, 29, 44, 22, 43, 30, 15, 28, 38, 32, 34, 31, 25, 26, 28, 25, 25, 18, 25, 23, 24, 28, 27, 24, 24, 34, 18, 29, 22, 19, 26, 19, 17, 25, 26, 29, 28, 19, 24, 26, 25, 29, 25, 17, 22, 19, 23, 20, 17, 20, 15, 18, 21, 20, 31, 20, 27, 29, 22, 18, 27, 27, 35, 20, 23, 11, 27, 27, 15, 25, 22, 23, 29, 23, 16, 22, 21, 17, 23, 17, 19, 14, 23, 21, 22, 16, 29, 17, 22, 19, 25, 12, 23, 20, 14, 22, 12, 24, 19, 17, 11, 14, 12, 10, 11, 10, 14, 14, 11, 15, 5, 16, 8, 6, 13, 12, 8, 15, 7, 11, 5, 11, 8, 7, 8, 13, 10, 8, 11, 6, 6, 5, 13, 9, 7, 9, 8, 7, 10, 12, 8, 7, 8, 6, 13, 8, 8, 8, 9, 9, 4, 5, 4, 12, 8, 11, 15, 9, 7, 12, 7, 13, 12, 6, 13, 16, 9, 12, 7, 15, 14, 12, 11, 13, 15, 7, 8, 8, 5, 6, 15, 5, 10, 13, 14, 9, 10, 12, 5, 10, 11, 12, 6, 6, 9, 12, 6, 9, 4, 12, 1, 10, 6, 9, 10, 10, 11, 7, 13, 6, 10, 6, 13, 8, 1, 1, 12, 5, 5, 1, 5, 4, 3, 3, 6, 5, 9, 3, 3, 1, 5, 1, 5, 3, 3, 7, 2, 2, 3, 2, 1, 3, 1, 1, 0, 5, 12, 3, 2, 2, 2, 7, 1, 3, 5, 3, 2, 1, 1, 2, 1, 4, 3, 2, 0, 4, 3, 5, 0, 2, 2, 3, 3, 1, 1, 3, 3, 2, 1, 4, 0, 2, 3, 1, 1, 5, 1, 1, 1, 3, 3, 2, 2, 2, 3, 5, 2, 9, 1, 3, 3, 1, 3, 6, 5, 3, 2, 4, 3, 0, 2, 1, 6, 2, 2, 4, 3, 0, 2, 3, 1, 4, 5, 0, 3, 2, 1, 3, 3, 3, 3, 2, 1, 0, 2, 1, 1, 3, 0, 2, 2, 3, 0, 0, 2, 2, 2, 0, 0, 1, 1, 2, 1, 0, 2, 0, 2, 1, 1, 0, 4, 0, 0, 1, 1, 0, 1, 1, 1, 2, 0, 0, 0, 1, 2, 1, 3, 1, 3, 1, 2, 0, 0, 0, 2, 2, 1, 0, 6, 2, 1, 0, 0, 0, 0, 1, 0, 0, 0, 0, 0, 0, 0, 1, 0, 0, 2, 0, 1, 4, 0, 0, 2, 0, 2, 1, 2, 1, 0, 0, 2, 1, 0, 1, 1, 1, 0, 0, 1, 0, 0, 1, 0, 0, 1, 2, 0, 0, 1, 0, 1, 1, 0, 0, 0, 0, 0, 1, 0, 0, 1, 1, 0, 0, 0, 0, 0, 1, 1, 1, 0, 0, 0, 0, 1, 0, 0, 0, 0, 1, 0, 0, 1, 0, 1, 1, 0, 1, 1, 1, 0, 0, 0, 0, 2, 0, 0, 1, 2, 0, 1, 1, 0, 0, 2, 1, 0, 0, 1, 1, 0, 1, 1, 0, 0, 0, 0, 0, 0, 0, 0, 1, 1, 0, 0, 0, 0, 0, 1, 0, 0, 1, 0, 0, 0, 0, 1, 0, 0, 0, 0, 0, 1, 1, 0, 0, 0, 0, 0, 0, 0, 0, 2, 0, 2, 1, 0, 0, 0, 0, 0, 0, 1, 1, 1, 1, 0, 0, 1, 0, 0, 0, 0, 405, 
31174,Real,76480,6.94000,61,0.00001,211,64,0
31178,[RCNone 1|1]
31837,Raw,151730,10.00000,0.00001
32496,Real,76980,6.95364,60,0.00001,210,64,0
32497,[RCNone 1|1]
33144,Real,77480,6.97368,60,0.00001,209,64,0
33146,Raw,153230,14.00000,0.00001
33803,Raw,153730,4.00000,0.00000
34461,Real,77980,6.95425,60,0.00001,209,64,0
34463,[RCNone 1|1]
35110,Real,78480,6.92208,60,0.00001,209,64,0
35112,Raw,155230,2.00000,0.00000
35771,Raw,155730,6.00000,0.00000
36430,Real,78980,6.93548,60,0.00001,208,64,0
36431,[RCNone 1|1]
37078,Real,79480,6.94231,59,0.00001,208,64,0
37082,Raw,157230,8.00000,0.00000
37739,Raw,157730,4.00000,0.00000
38397,Real,79980,6.92357,59,0.00001,207,64,0
38399,[RCNone 1|1]
39046,Real,80480,6.91139,59,0.00001,207,64,0
39048,Raw,159230,8.00000,0.00000
39706,Raw,159730,8.00000,0.00001
40365,Real,80980,6.91824,59,0.00001,206,64,0
40367,Raw,160230,8.00000,0.00000
41013,Real,81480,6.93125,59,0.00001,206,64,0
41015,[RCNone 1|1]
41672,Raw,161730,2.00000,0.00000
42331,Real,81980,6.90683,59,0.00001,206,64,0
42333,Raw,162230,4.00000,0.00000
42983,Real,82480,6.88272,59,0.00001,205,64,0
42985,[RCNone 1|1]
43642,Raw,163730,2.00000,0.00000
44290,Real,82980,6.85276,59,0.00001,205,64,0
44292,Raw,164230,2.00000,0.00000
44949,Real,83480,6.85366,58,0.00001,205,64,0
44951,[RCNone 1|1]
45608,Raw,165730,10.00000,0.00000
46256,Real,83980,6.86061,58,0.00001,205,64,0
46258,Raw,166230,6.00000,0.00000
46917,Real,84480,6.84940,58,0.00001,204,64,0
46919,[RCNone 1|1]
47575,Raw,167730,8.00000,0.00000
48223,Real,84980,6.84431,58,0.00001,204,64,0
48225,Raw,168230,4.00000,0.00000
48883,Raw,168730,8.00000,0.00002
49541,Real,85480,6.84524,58,0.00001,203,64,0
49543,[RCNone 1|1]
50189,Real,85980,6.86982,57,0.00001,201,64,0
50191,Raw,170230,14.00000,0.00001
50849,Raw,170730,8.00000,0.00000
51507,Real,86480,6.87647,57,0.00001,201,64,0
51509,[RCNone 1|1]
52155,Real,86980,6.86550,57,0.00001,200,64,0
52157,Raw,172230,6.00000,0.00000
52813,Raw,172730,4.00000,0.00004
53471,Real,87480,6.86628,57,0.00001,199,64,0
53473,[RCNone 1|1]
54119,Real,87980,6.86127,57,0.00001,199,64,0
54123,Raw,174230,6.00000,0.00000
54781,Raw,174730,6.00000,0.00001
55439,Real,88480,6.85632,57,0.00001,198,64,0
55441,[RCNone 1|1]
56087,Real,88980,6.89143,56,0.00001,198,64,0
56089,Raw,176230,12.00000,0.00000
56746,Raw,176730,2.00000,0.00000
57404,Real,89480,6.86932,56,0.00001,197,64,0
57406,[RCNone 1|1]
58052,Real,89980,6.88701,56,0.00001,197,64,0
58054,Raw,178230,8.00000,0.00000
58712,Raw,178730,10.00000,0.00000
59370,Real,90480,6.88202,56,0.00001,196,64,0
59372,Raw,179230,2.00000,0.00003
60018,Real,90980,6.87151,56,0.00001,196,64,0
60022,[RCNone 1|1]
60678,Raw,180730,4.00000,0.00000
a0: 4.289401, a1: 2.361994, a2: 0.000410, ts: 15838
Spectrum: 504, 781, 1050, 1152, 1189, 1175, 1155, 1100, 1135, 1177, 1249, 1235, 1314, 1294, 1434, 1454, 1542, 1640, 1712, 1810, 1957, 2142, 2276, 2476, 2740, 2913, 3141, 3339, 3562, 3793, 3934, 4035, 4124, 4252, 4306, 4461, 4485, 4554, 4639, 4289, 4115, 3923, 3629, 3427, 3222, 3039, 2853, 2711, 2554, 2338, 2376, 2242, 2178, 2117, 2196, 2120, 2086, 2057, 2022, 2027, 1968, 1862, 1955, 1847, 1731, 1725, 1793, 1732, 1728, 1602, 1605, 1591, 1558, 1602, 1516, 1471, 1476, 1345, 1314, 1251, 1156, 1170, 1188, 1131, 1084, 1055, 1055, 1060, 1085, 1107, 1055, 1032, 1059, 1025, 994, 940, 973, 911, 891, 904, 814, 905, 775, 773, 749, 801, 752, 839, 808, 780, 785, 756, 782, 827, 816, 799, 785, 750, 742, 709, 621, 641, 664, 624, 633, 615, 612, 619, 628, 638, 671, 748, 749, 747, 723, 756, 751, 749, 692, 647, 660, 612, 557, 526, 497, 510, 443, 418, 415, 353, 371, 317, 318, 256, 278, 286, 274, 262, 218, 221, 202, 228, 224, 226, 189, 170, 185, 179, 183, 181, 171, 172, 175, 163, 156, 153, 163, 150, 163, 141, 154, 147, 162, 145, 142, 130, 135, 139, 128, 138, 114, 146, 139, 128, 127, 117, 142, 135, 120, 135, 144, 119, 105, 128, 96, 131, 112, 136, 112, 117, 131, 136, 136, 146, 147, 157, 155, 167, 142, 171, 150, 180, 218, 205, 195, 227, 229, 220, 235, 248, 232, 241, 233, 259, 227, 209, 229, 219, 207, 221, 208, 199, 189, 173, 154, 151, 134, 131, 117, 124, 115, 113, 111, 101, 106, 102, 96, 84, 92, 81, 72, 84, 83, 86, 76, 88, 68, 84, 67, 75, 67, 80, 83, 65, 76, 88, 79, 75, 66, 80, 59, 69, 64, 71, 82, 81, 91, 96, 87, 100, 63, 73, 88, 96, 84, 67, 76, 65, 98, 76, 76, 80, 76, 71, 63, 67, 65, 59, 58, 62, 67, 63, 66, 63, 61, 67, 69, 64, 69, 68, 74, 67, 53, 71, 69, 57, 59, 53, 62, 75, 48, 54, 52, 48, 44, 51, 70, 57, 54, 52, 69, 42, 49, 42, 66, 55, 53, 50, 54, 51, 50, 38, 47, 51, 39, 53, 44, 43, 55, 45, 43, 46, 39, 41, 46, 47, 49, 50, 45, 40, 56, 45, 43, 42, 39, 44, 43, 50, 35, 43, 47, 50, 46, 36, 42, 40, 27, 37, 45, 53, 36, 33, 38, 37, 40, 34, 45, 42, 29, 41, 50, 45, 43, 48, 46, 57, 46, 47, 51, 53, 49, 58, 48, 60, 53, 56, 48, 46, 52, 51, 51, 33, 39, 46, 39, 47, 44, 38, 40, 35, 39, 39, 55, 31, 33, 44, 33, 39, 38, 32, 29, 38, 25, 30, 33, 26, 39, 35, 28, 31, 34, 23, 26, 39, 42, 24, 28, 23, 23, 39, 28, 29, 44, 22, 43, 30, 15, 28, 38, 32, 34, 31, 25, 26, 28, 25, 25, 18, 25, 23, 24, 28, 27, 24, 24, 34, 18, 29, 22, 19, 26, 19, 17, 25, 26, 29, 28, 19, 24, 26, 25, 29, 25, 17, 22, 19, 23, 20, 17, 20, 15, 18, 21, 20, 31, 21, 27, 29, 22, 18, 27, 27, 35, 20, 23, 11, 27, 27, 15, 25, 22, 23, 29, 23, 16, 22, 21, 17, 23, 17, 19, 14, 23, 21, 22, 16, 29, 17, 22, 19, 25, 12, 23, 20, 14, 22, 12, 24, 19, 17, 11, 14, 12, 10, 11, 10, 14, 14, 11, 15, 5, 16, 8, 6, 13, 12, 8, 15, 7, 11, 5, 11, 8, 7, 8, 13, 10, 8, 11, 6, 6, 5, 13, 9, 7, 9, 8, 7, 10, 12, 8, 7, 8, 6, 13, 8, 8, 8, 9, 9, 4, 5, 4, 12, 8, 11, 15, 9, 7, 12, 7, 13, 12, 6, 13, 16, 9, 12, 7, 15, 14, 12, 11, 13, 15, 7, 8, 8, 5, 6, 15, 5, 10, 13, 14, 9, 10, 12, 5, 10, 11, 12, 6, 6, 9, 12, 6, 9, 4, 12, 1, 10, 6, 9, 10, 10, 11, 7, 13, 6, 10, 6, 13, 8, 1, 1, 12, 5, 5, 1, 5, 4, 3, 3, 6, 5, 9, 3, 3, 1, 5, 1, 5, 3, 3, 7, 2, 2, 3, 2, 1, 3, 1, 1, 0, 5, 12, 3, 2, 2, 2, 7, 1, 3, 5, 3, 2, 1, 1, 2, 1, 4, 3, 2, 0, 4, 3, 5, 0, 2, 2, 3, 3, 1, 1, 3, 3, 2, 1, 4, 0, 2, 3, 1, 1, 5, 1, 1, 1, 3, 3, 2, 2, 2, 3, 5, 2, 9, 1, 3, 3, 1, 3, 6, 5, 3, 2, 4, 3, 0, 2, 1, 6, 2, 2, 4, 3, 0, 2, 3, 1, 4, 5, 0, 3, 2, 1, 3, 3, 3, 3, 2, 1, 0, 2, 1, 1, 3, 0, 2, 2, 3, 0, 0, 2, 2, 2, 0, 0, 1, 1, 2, 1, 0, 2, 0, 2, 1, 1, 0, 4, 0, 0, 1, 1, 0, 1, 1, 1, 2, 0, 0, 0, 1, 2, 1, 3, 1, 3, 1, 2, 0, 0, 0, 2, 2, 1, 0, 6, 2, 1, 0, 0, 0, 0, 1, 0, 0, 0, 0, 0, 0, 0, 1, 0, 0, 2, 0, 1, 4, 0, 0, 2, 0, 2, 1, 2, 1, 0, 0, 2, 1, 0, 1, 1, 1, 0, 0, 1, 0, 0, 1, 0, 0, 1, 2, 0, 0, 1, 0, 1, 1, 0, 0, 0, 0, 0, 1, 0, 0, 1, 1, 0, 0, 0, 0, 0, 1, 1, 1, 0, 0, 0, 0, 1, 0, 0, 0, 0, 1, 0, 0, 1, 0, 1, 1, 0, 1, 1, 1, 0, 0, 0, 0, 2, 0, 0, 1, 2, 0, 1, 1, 0, 0, 2, 1, 0, 1, 1, 1, 0, 1, 1, 0, 0, 0, 0, 0, 0, 0, 0, 1, 1, 0, 0, 0, 0, 0, 1, 0, 0, 1, 0, 0, 0, 0, 1, 0, 0, 0, 0, 0, 1, 1, 0, 0, 0, 0, 0, 0, 0, 0, 2, 0, 2, 1, 0, 0, 0, 0, 0, 0, 1, 1, 1, 1, 0, 0, 1, 0, 0, 0, 0, 405, 
