8157,Real,100980,6.93467,53,0.00001,181,64,0
8157,[RCNone 1|1]
8157,[RCNone 1|3]
8820,Raw,200730,4.00000,0.00001
9479,Real,101480,6.92000,53,0.00001,181,64,0
9480,[RCNone 1|1]
10127,Real,101980,6.91542,52,0.00001,180,64,0
10129,Raw,202230,8.00000,0.00000
10785,Raw,202730,6.00000,0.00000
11445,Real,102480,6.92079,52,0.00001,180,64,0
11447,[RCNone 1|1]
12093,Real,102980,6.92611,52,0.00001,179,64,0
12095,Raw,204230,6.00000,0.00000
12751,Raw,204730,2.00000,0.00003
13410,Real,103480,6.91667,52,0.00001,178,64,0
13411,[RCNone 1|1]
